41353	672549
41358	672254
41361	668544
41369	666950
41371	666066
41388	664661
41391	659843
41400	656837
41403	651688
41410	649095
41412	648473
41419	646089
41424	645794
41432	643814
41436	642633
41439	642508
41444	640679
41445	640210
41453	638256
41461	637806
41463	637184
41470	634800
41475	634505
41480	632850
41483	632525
41490	631219
41498	629783
41499	629570
41503	629488
41506	628197
41507	627360
41514	626817
41518	626202
41520	626073
41521	625442
41523	624373
41525	624334
41530	623793
41532	621950
41537	621655
41540	620364
41542	620000
41545	619675
41548	618984
41552	618369
41572	618302
41577	617441
41578	616855
41582	613450
41587	611621
41591	611006
41594	610315
41597	609990
41599	609626
41607	608040
41612	607745
41630	606747
41631	606262
41637	606062
41639	605806
41642	605481
41644	605117
41647	604392
41652	603531
41657	603236
41660	602418
41675	602238
41676	601753
41682	601553
41685	601490
41689	600875
41692	599883
41695	599859
41697	599495
41705	597909
41710	597614
41723	597299
41728	596616
41729	596131
41735	595931
41745	594261
41763	593651
41768	593356
41771	592538
41776	591677
41786	590869
41803	590304
41804	590259
41806	589979
41808	589615
41812	589146
41816	588029
41821	587734
41839	586736
41840	586251
41846	586051
41857	584637
41862	584342
41870	584273
41880	583344
41881	582859
41887	582659
41903	582467
41911	580881
41916	580586
41934	579588
41941	579550
41943	579450
41961	578600
41965	578156
41967	577538
41974	576709
41990	576571
41991	575760
41998	574931
42008	574146
42013	573851
42021	573782
42028	572953
42031	572853
42032	572368
42037	572073
42054	571976
42055	571075
42062	570390
42067	570095
42085	569097
42094	568959
42104	568602
42108	568519
42111	568058
42116	567665
42125	567517
42134	566624
42138	566541
42141	566080
42148	565524
42186	564606
42193	563777
42197	563192
42203	562992
42204	562507
42220	561758
42222	561509
42227	561214
42242	560920
42258	560747
42259	559783
42269	559426
42275	559226
42276	558741
42290	558341
42294	557743
42299	557448
42314	557154
42322	556450
42329	555906
42350	555675
42360	555532
42362	554575
42371	554118
42377	553918
42378	553433
42389	553424
42396	552435
42401	552140
42416	551846
42420	551623
42433	550709
42452	550367
42462	549835
42464	549267
42469	549150
42475	548096
42492	547857
42506	547722
42507	547563
42513	546893
42517	546308
42523	546108
42524	545623
42542	544625
42547	544330
42562	544036
42578	543863
42579	542899
42598	542557
42621	541205
42631	540645
42637	540306
42663	539214
42669	538875
42707	538365
42712	538031
42719	537753
42721	536621
42728	536317
42748	535485
42753	535190
42768	534896
42779	534560
42780	534063
42789	533925
42790	533871
42800	533311
42807	532927
42812	532632
42827	532065
42842	531617
42849	531313
42858	531140
42859	530753
42868	530580
42869	530481
42874	530186
42886	529507
42901	529059
42902	528403
42908	528064
42927	528022
42928	527923
42933	527628
42948	527334
42951	527212
42954	526886
42959	526591
42960	525810
42969	525672
42987	524674
42992	524379
43007	524085
43009	523831
43023	523399
43029	523060
43039	522500
43051	522137
43060	521999
43066	521254
43078	521001
43081	520806
43083	520706
43090	520668
43098	520412
43108	519670
43113	519375
43126	519102
43128	519081
43134	518933
43136	518542
43151	518084
43158	517949
43160	517732
43175	517679
43180	517290
43185	517044
43188	516618
43190	516401
43207	516248
43217	515613
43222	515596
43231	515458
43241	515365
43249	514460
43254	514165
43267	512244
43302	511478
43316	511377
43317	511122
43319	509990
43328	509852
43346	508854
43351	508559
43373	508161
43382	508092
43386	507677
43389	507268
43415	506069
43425	505434
43444	505281
43450	505187
43479	505131
43487	504971
43488	503896
43508	502340
43524	502036
43536	501065
43549	500581
43569	500493
43578	500355
43581	499522
43590	499384
43596	499357
43601	499062
43608	498386
43613	498091
43639	497771
43644	497624
43651	496800
43670	496719
43678	496401
43690	495430
43703	495072
43706	494813
43719	494455
43728	494139
43744	493522
43757	493351
43758	493085
43783	492152
43791	492089
43796	491794
43816	491156
43821	490861
43852	490394
43853	490243
43873	490097
43874	489989
43875	489796
43884	489791
43885	489749
43898	489354
43900	488863
43909	488858
43911	488806
43918	488526
43934	487485
43959	486552
44009	486255
44014	485960
44025	485845
44030	485801
44033	485538
44036	485286
44045	484085
44074	484065
44078	484025
44083	482864
44106	482437
44119	482266
44128	481833
44144	481216
44145	481067
44157	481045
44167	480787
44171	480447
44178	480071
44183	479776
44200	479333
44209	479226
44215	479158
44216	478850
44221	478555
44252	478088
44253	477937
44262	477778
44267	477699
44270	477578
44271	477429
44281	477174
44298	477048
44300	476557
44304	476433
44309	476138
44326	475695
44340	475671
44341	475520
44342	475212
44347	474917
44372	474505
44378	474450
44379	474299
44381	474156
44391	474011
44403	473906
44414	473160
44419	472865
44446	472741
44449	472694
44450	472398
44451	472247
44465	472192
44469	471649
44488	471396
44491	470993
44500	470920
44503	470888
44507	470862
44508	470480
44524	469997
44529	469702
44541	469597
44561	469084
44570	468847
44588	468591
44589	468321
44592	468218
44607	467641
44629	467594
44632	467448
44634	467290
44647	467004
44650	466673
44663	466502
44665	466452
44670	466157
44680	465652
44689	465303
44711	465302
44722	464307
44727	464012
44759	463394
44768	463157
44797	462904
44798	462901
44805	461951
44824	461790
44846	461537
44855	461188
44872	460675
44888	460192
44893	459897
44896	459738
44909	459494
44918	459485
44925	459279
44927	459136
44934	459042
44949	458724
44960	458140
44965	457845
44971	457836
44974	457677
44987	457433
44996	457424
44997	457227
45005	457075
45006	456990
45019	456815
45028	456578
45038	456079
45043	455784
45068	455488
45075	455166
45084	454929
45102	454784
45113	454676
45114	454673
45122	454622
45124	453839
45131	453781
45147	453327
45156	453159
45178	452906
45187	452557
45217	452519
45220	451561
45225	451266
45257	450648
45266	450411
45291	449706
45300	449538
45306	449321
45322	449285
45331	448936
45340	448617
45364	447940
45369	447645
45401	447027
45410	446790
45439	446537
45440	446534
45448	446483
45456	446191
45463	445783
45481	444997
45484	444996
45490	444829
45512	444576
45521	444227
45554	443231
45559	442936
45568	442766
45591	442318
45600	442081
45629	441828
45630	441825
45638	441774
45646	441482
45653	441074
45674	440287
45716	439808
45763	439352
45768	439057
45772	439026
45777	438731
45781	438348
45808	438329
45809	438113
45814	436905
45851	436317
45860	436149
45882	435896
45891	435547
45906	434843
45924	434551
45929	434256
45938	434086
45961	433638
45970	433401
45999	433148
46000	433145
46008	433094
46016	432489
46021	432194
46030	432024
46053	431576
46061	431466
46062	431339
46074	431252
46086	431128
46091	431086
46092	431083
46097	430680
46110	430466
46129	430457
46134	430092
46143	429924
46165	429225
46171	429112
46176	428817
46185	428647
46201	428439
46207	428326
46208	428199
46212	428031
46217	427962
46221	427861
46244	427413
46249	427344
46253	427176
46267	426897
46291	426865
46297	426450
46303	426337
46308	426042
46317	425872
46333	425689
46340	425424
46360	425244
46363	425242
46365	425071
46369	424903
46374	424834
46383	424664
46390	424578
46401	424511
46406	424216
46410	424048
46415	424046
46424	423769
46436	423559
46444	423459
46453	423289
46459	423167
46465	422914
46474	422744
46482	422580
46491	422410
46497	422296
46514	421962
46535	421806
46536	421803
46544	421752
46547	421450
46561	421418
46569	420813
46574	420518
46583	420348
46598	420218
46606	419900
46614	419790
46627	419576
46637	419471
46639	419452
46642	419305
46650	419004
46663	418790
46678	418519
46689	418298
46696	418248
46705	417870
46716	417856
46718	417549
46724	417436
46729	417141
46738	416971
46754	416763
46760	416650
46761	416523
46765	416355
46774	416185
46797	415737
46809	415629
46815	415516
46820	415221
46829	415051
46852	414603
46872	414423
46875	414421
46881	414308
46884	414187
46886	414013
46893	413872
46895	413843
46907	413767
46913	413690
46918	413395
46922	413227
46927	413225
46939	413053
46948	412738
46966	412501
46972	412388
46977	412093
46986	411923
47009	411475
47029	411295
47038	411173
47041	411059
47048	410982
47056	410931
47061	410725
47064	410639
47077	410537
47081	410186
47082	410126
47096	409925
47105	409610
47126	409400
47132	409287
47137	408992
47146	408822
47173	408761
47181	408536
47183	408192
47208	407881
47216	407830
47224	407538
47227	407466
47233	407353
47238	407058
47266	406859
47275	406689
47302	406684
47304	405982
47308	405950
47309	405947
47313	405837
47337	405414
47360	405050
47366	404769
47376	404542
47402	404464
47407	404450
47410	404333
47418	404019
47439	403420
47459	403411
47471	403357
47485	402456
47494	402286
47528	401934
47537	401706
47546	401536
47555	401529
47560	401511
47562	401437
47565	401175
47573	401124
47581	400832
47604	400785
47610	400672
47615	400377
47625	400374
47633	400082
47639	400081
47652	399721
47657	399535
47681	399124
47690	398954
47697	398913
47701	398809
47712	398401
47737	398369
47753	397861
47758	397797
47767	397627
47777	397500
47778	397325
47782	397293
47783	397290
47787	397180
47806	397121
47812	396949
47817	396707
47821	396435
47833	396219
47850	395885
47867	395815
47875	395757
47876	395742
47880	395553
47895	395544
47897	395252
47908	395127
47912	394975
47919	394713
47922	394552
47931	394487
47937	394350
47962	394291
47963	393987
47967	393715
47974	393579
47978	393307
47987	393137
48011	393018
48022	392686
48024	392558
48025	392455
48030	392406
48038	392279
48044	391843
48068	391633
48079	391424
48088	391359
48094	391222
48112	391063
48113	391024
48124	390581
48127	390461
48147	390452
48149	390316
48150	390313
48151	390251
48154	390203
48160	390146
48161	389960
48168	389890
48177	389622
48182	389327
48197	389287
48206	389117
48215	388853
48226	388843
48231	388345
48248	388251
48252	388219
48253	388216
48257	388106
48276	388009
48277	388006
48281	387896
48290	387882
48298	387471
48299	387444
48304	387319
48313	387308
48316	387102
48337	387012
48339	386900
48352	386892
48353	386337
48369	386336
48370	386333
48374	386223
48387	386201
48401	385922
48404	385507
48415	385314
48419	385261
48423	385229
48424	385226
48428	385116
48429	385035
48439	385018
48451	384792
48470	384180
48494	383884
48517	383846
48524	383603
48531	383533
48533	383328
48540	383072
48541	383069
48542	382991
48545	382959
48552	382716
48567	382519
48592	382172
48606	381910
48608	381664
48624	381527
48635	381334
48653	381323
48655	381320
48662	380858
48674	380708
48678	380556
48679	380553
48683	380443
48690	380200
48721	380199
48726	380170
48730	379656
48744	379394
48757	379326
48760	379092
48761	379089
48765	378979
48791	378807
48805	378435
48812	378192
48819	378173
48838	378140
48846	378111
48847	378108
48851	377998
48858	377755
48866	377386
48873	377343
48882	377084
48883	377081
48887	376971
48902	376945
48918	376437
48949	376436
48957	375863
48958	375860
48966	375809
48974	375756
48980	375747
48985	375563
48995	375335
49014	375318
49028	375158
49029	375155
49037	375104
49040	374429
49070	374114
49106	374112
49110	373321
49111	373318
49115	373208
49144	373186
49145	373059
49154	372934
49160	372739
49176	372231
49203	371910
49211	371895
49216	371687
49223	371444
49260	371294
49267	371051
49282	370963
49289	370768
49293	370610
49294	370607
49298	370223
49334	370193
49337	369943
49338	369940
49342	369830
49357	369804
49363	369574
49364	369499
49368	369115
49369	369112
49377	369061
49412	368722
49413	368719
49421	368668
49424	368588
49438	368353
49444	368348
49447	368202
49450	368194
49451	367827
49492	367678
49494	367415
49495	367288
49511	367253
49512	367250
49516	367140
49525	366973
49548	366953
49559	366875
49560	366748
49564	366307
49565	366180
49566	366177
49570	366067
49602	365679
49621	365653
49624	365504
49632	365218
49636	365215
49639	365086
49640	365083
49648	365032
49665	364881
49666	364754
49687	364644
49695	364559
49696	364493
49697	364366
49714	363933
49715	363930
49722	363798
49747	363596
49748	363469
49749	363466
49785	362694
49810	362525
49815	362233
49840	362064
49853	361906
49865	361671
49873	361524
49893	361430
49897	360948
49898	360945
49916	360611
49949	360505
49968	359837
49991	359390
50027	359360
50046	358679
50057	358538
50061	358282
50062	358279
50070	358228
50087	358077
50104	357970
50117	357755
50127	357706
50128	357394
50129	357391
50132	357171
50144	356994
50169	356792
50170	356789
50191	356687
50194	356662
50199	356283
50214	355886
50215	355883
50240	355681
50271	355599
50273	355429
50278	355121
50285	354775
50318	354523
50345	354302
50350	354235
50355	354144
50356	354141
50364	353613
50400	353238
50401	353235
50411	353140
50426	353033
50444	352874
50455	352534
50463	352531
50471	352127
50485	352073
50515	351997
50526	351844
50536	351587
50542	351476
50550	350965
50567	350788
50568	350785
50594	350593
50597	350492
50621	350314
50624	350191
50625	350188
50638	349677
50671	349425
50695	349080
50703	349029
50704	349026
50716	348519
50753	348140
50754	348137
50763	348029
50774	347918
50795	347357
50798	347234
50799	347231
50824	347029
50855	346947
50861	346527
50869	346123
50877	346072
50878	346069
50922	345845
50924	345840
50934	345785
50940	345365
50948	344961
50982	344956
50984	344931
50990	344905
50991	344902
50995	344488
51022	344156
51034	344099
51035	344096
51045	344057
51055	343877
51061	343794
51074	343326
51105	342988
51141	342958
51158	342890
51160	342705
51168	342537
51174	342440
51176	342133
51202	342084
51225	342041
51230	341340
51273	341229
51275	341152
51289	341149
51301	340485
51346	340297
51351	340294
51371	340108
51396	340065
51402	339982
51407	339721
51422	339439
51427	339430
51442	339253
51446	339176
51469	338924
51496	338460
51517	338321
51537	338211
51538	338175
51540	338069
51548	337762
51564	337598
51569	337393
51581	337178
51582	337175
51602	336956
51619	336907
51624	336815
51640	336538
51644	336471
51652	336067
51688	336037
51690	335963
51694	335755
51706	335530
51707	335527
51723	335212
51749	335163
51764	335158
51769	334823
51777	334419
51813	334389
51819	334107
51832	333895
51833	333892
51848	333564
51874	333515
51893	333302
51895	333188
51903	332784
51922	332759
51939	332754
51945	332472
51966	332333
51974	331929
52000	331880
52018	331728
52023	331725
52029	331646
52045	331586
52048	331124
52071	331025
52073	330948
52094	330870
52106	330439
52129	330263
52140	330232
52144	330093
52149	330090
52161	329915
52162	329912
52187	329617
52200	329408
52201	329293
52220	329235
52224	329208
52232	328804
52256	328769
52257	328766
52265	328584
52287	328521
52306	327999
52327	327658
52363	327628
52382	327375
52383	327353
52386	327252
52391	326949
52401	326853
52420	326635
52454	326498
52458	326283
52462	326094
52488	326045
52497	325822
52517	325799
52536	325289
52546	325000
52573	324964
52583	324784
52588	324688
52604	324637
52617	324428
52620	324195
52662	323883
52688	323573
52708	323400
52725	323207
52732	323137
52736	323039
52772	322479
52792	322306
52803	322282
52813	321946
52831	321893
52868	321422
52895	321371
52903	321274
52908	320800
52939	320311
52963	320276
52976	320095
53013	319506
53034	319165
53070	319135
53071	318949
53095	318732
53108	318360
53150	318208
53151	318205
53157	318103
53165	317790
53185	317617
53213	317501
53221	317097
53256	316851
53260	316644
53280	316471
53318	316193
53347	316100
53377	315750
53391	315261
53432	315226
53433	315223
53467	314403
53495	314042
53517	313984
53527	313907
53558	313832
53559	313584
53562	313285
53572	312949
53594	312891
53627	312425
53649	312367
53650	312124
53690	312101
53691	312098
53696	311906
53698	311314
53720	311256
53735	311098
53757	311040
53761	310990
53786	310772
53795	310410
53821	310252
53842	310080
53865	309947
53884	309680
53906	309441
53919	308987
53944	308620
53972	308600
53974	308463
53991	308312
54007	308296
54027	308282
54028	308096
54039	307502
54045	307352
54070	307074
54133	306810
54142	306448
54168	306290
54208	305990
54228	305917
54244	305567
54280	305421
54284	305413
54285	304897
54340	304373
54375	304225
54386	303540
54411	303262
54447	303232
54448	303046
54499	302720
54509	302478
54556	302316
54592	302286
54593	302100
54611	301656
54654	301532
54679	301019
54732	300890
54741	300645
54745	300212
54796	300121
54817	299935
54826	299752
54848	299298
54867	299010
54894	298842
54904	298794
54947	298713
54949	298318
54965	298226
54967	298164
54986	297876
55001	297495
55020	297207
55056	297177
55057	296991
55095	296936
55108	296665
55118	296423
55171	296294
55186	296270
55189	295669
55220	295601
55257	295422
55308	295096
55313	294898
55318	294854
55320	294826
55344	294687
55350	294682
55363	294399
55397	294254
55407	294028
55431	293944
55448	293564
55504	292907
55523	292619
55559	292589
55580	292577
55591	292325
55611	292077
55621	291835
55694	291744
55697	291349
55723	291013
55771	290642
55780	290521
55816	290491
55817	290305
55868	289979
55883	289462
55919	289432
55920	289246
55959	289239
55971	288920
55980	288915
55981	288678
56006	288400
56054	288307
56083	287856
56104	287680
56125	287669
56130	287473
56156	287399
56182	287290
56196	286856
56228	286689
56247	286433
56253	286411
56283	286403
56284	286217
56311	286135
56330	285847
56333	285790
56343	285566
56352	285502
56383	285442
56389	285286
56401	284823
56437	284793
56438	284607
56471	284368
56488	284231
56517	284162
56525	284043
56537	283892
56542	283795
56558	283776
56569	283584
56579	283579
56580	283428
56601	283217
56635	283108
56636	282980
56657	282549
56699	282294
56707	281869
56735	281773
56794	281277
56821	281148
56831	281089
56846	280870
56876	280745
56907	280263
56937	280091
56973	280061
56994	280049
57005	280037
57020	279839
57024	279499
57041	278819
57135	278789
57137	278485
57164	278354
57171	277853
57207	277823
57208	277637
57258	277261
57271	277041
57290	276719
57326	276689
57332	276559
57368	276529
57371	276247
57377	276127
57414	275939
57436	275785
57439	275639
57460	275457
57490	275113
57530	275098
57532	274953
57546	274919
57563	274873
57577	274049
57608	273989
57663	273780
57666	273509
57675	273265
57700	272987
57747	272787
57777	272443
57798	272332
57839	272303
57846	272018
57853	271479
57889	271449
57905	271412
57911	270999
57940	270887
57951	270695
57976	270417
58023	270217
58043	269822
58070	269617
58106	269587
58107	269401
58130	269230
58141	269038
58157	269025
58166	268760
58187	268429
58239	268362
58240	268355
58243	268216
58270	268011
58281	267777
58317	267747
58338	267735
58344	267708
58359	267584
58368	267185
58377	266772
58404	266715
58451	266515
58464	266180
58475	265988
58500	265710
58547	265510
58577	265166
58606	265126
58625	264804
58661	264774
58677	264737
58696	264690
58712	264212
58749	264024
58771	263697
58777	263483
58815	263147
58831	263020
58892	262825
58900	262421
58923	262395
58936	262391
58939	262367
58948	262328
58960	262179
58977	261877
58987	261829
59010	261803
59015	261541
59031	261414
59059	261404
59071	261266
59092	261219
59093	261133
59100	260815
59136	260785
59145	260592
59181	260562
59187	260223
59211	259975
59235	259916
59249	259818
59269	259812
59271	259660
59294	259627
59310	259612
59315	259201
59333	259132
59358	258854
59361	258790
59381	258713
59393	258615
59422	258583
59427	258173
59452	258081
59459	257998
59503	257970
59511	257894
59518	257464
59551	257393
59597	256911
59633	256560
59675	256196
59702	255961
59738	255931
59766	255487
59789	255369
59818	255300
59826	255181
59854	255007
59873	254806
59927	254774
59930	254591
59932	254575
59949	254503
59968	254394
59995	254210
60006	253977
60015	253931
60028	253803
60050	253782
60056	253765
60073	253723
60075	253573
60091	253365
60113	253057
60136	252941
60175	252916
60178	252773
60209	252605
60215	252430
60218	252403
60224	252343
60232	251789
60251	251467
60287	251437
60288	251251
60338	250875
60362	250753
60370	250612
60381	250431
60404	250341
60418	250215
60421	250205
60449	250161
60468	249839
60498	249762
60505	249651
60517	249440
60540	249350
60551	249169
60623	249135
60627	248758
60664	248570
60694	248401
60711	248195
60725	248136
60761	247947
60792	247926
60794	247537
60830	247507
60853	247320
60858	247309
60875	246956
60881	246945
60912	246672
60946	246401
60965	246382
60994	246318
61018	246204
61028	246047
61045	245694
61081	245664
61082	245410
61107	245050
61146	244697
61180	244426
61233	244105
61267	243834
61277	243788
61313	243758
61316	243435
61352	243405
61358	243390
61391	243286
61401	243008
61403	242843
61438	242679
61440	242655
61448	242633
61487	242280
61505	242262
61527	242063
61545	242036
61569	242018
61574	241688
61610	241658
61616	241643
61629	241405
61675	241000
61698	240908
61712	240784
61758	240768
61783	240704
61786	240684
61789	240498
61799	240220
61821	240217
61840	239895
61846	239845
61870	239693
61887	239658
61904	239422
61924	239332
61955	239280
61988	238970
62011	238740
62020	238603
62040	238431
62055	238242
62090	238078
62097	238033
62133	238003
62134	237817
62139	237679
62146	237673
62156	237612
62180	237402
62190	237341
62211	237276
62221	237253
62226	237087
62233	237042
62267	236771
62296	236581
62316	236411
62339	236372
62341	236297
62351	236247
62373	236013
62409	235983
62410	235797
62440	235631
62482	235604
62487	235256
62497	235233
62509	235022
62543	234751
62611	234476
62629	234381
62650	234146
62686	233983
62715	233469
62751	233439
62752	233253
62800	233226
62823	233220
62825	233112
62845	233074
62847	232384
62885	232207
62916	231963
62952	231933
62953	231747
62989	231509
62991	231447
63021	231378
63024	231345
63052	230972
63086	230701
63122	230671
63123	230485
63160	230354
63192	229941
63222	229710
63244	229609
63257	229546
63297	229356
63339	229278
63350	228849
63362	228679
63384	228578
63399	228463
63406	228446
63455	228264
63497	228186
63498	227688
63512	227686
63520	227587
63533	227524
63546	227415
63617	227101
63659	227023
63682	226424
63718	226394
63765	226344
63790	226272
63812	226171
63813	226167
63825	226108
63837	225897
63853	225269
63961	225117
63983	225016
63984	225012
63999	224808
64045	224689
64064	224636
64075	224615
64082	224541
64083	223989
64166	223978
64169	223909
64189	223229
64223	222958
64294	222644
64319	222602
64336	222566
64359	221967
64395	221937
64442	221887
64467	221841
64530	220812
64607	220810
64637	220717
64678	220496
64680	220364
64743	219819
64779	219789
64804	219785
64816	219574
64875	219471
64882	219404
64887	218984
64922	218820
64940	218794
64964	218744
64974	218309
65047	218131
65058	217829
65094	217799
65158	217753
65159	217577
65174	217541
65205	217378
65218	217356
65247	217100
65248	216914
65289	216319
65407	216224
65409	216092
65432	216044
65457	215897
65472	215547
65508	215517
65534	215466
65555	215435
65556	215264
65568	215168
65569	215108
65586	215045
65606	214920
65618	214903
65627	214764
65657	214701
65662	214600
65674	214389
65682	214344
65693	214328
65705	214311
65729	214298
65733	214286
65735	214154
65798	213609
65834	213579
65863	213308
65883	212650
65958	212070
65988	211783
66023	211619
66094	211305
66096	211173
66148	210930
66159	210628
66195	210598
66323	210480
66349	209713
66451	209515
66483	209260
66567	209085
66604	208703
66643	208463
66681	208338
66709	208210
66744	208046
66756	207835
66785	207660
66799	207588
66814	207308
66880	207055
66907	206978
66937	206973
66952	206882
66970	206433
67006	206403
67021	206294
67061	206193
67070	206140
67088	205891
67090	205852
67115	205731
67127	205712
67195	205533
67206	205377
67233	205189
67255	205144
67277	205078
67307	204973
67319	204753
67355	204723
67358	204317
67382	204211
67417	204047
67441	204037
67442	203890
67469	203735
67488	203733
67490	203601
67544	203210
67553	203056
67589	203026
67593	202955
67630	202787
67676	202337
67690	202330
67743	202309
67754	202007
67790	201977
67832	201455
67840	201291
67911	201286
67938	200977
67940	200845
67985	200785
68003	200300
68022	200242
68148	199598
68177	199442
68196	199384
68239	199244
68281	198766
68329	198737
68375	198350
68410	198186
68453	198113
68481	197872
68483	197740
68538	197359
68546	197195
68582	197165
68592	197137
68604	196926
68644	196881
68646	196749
68665	196691
68691	196493
68709	196204
68728	196146
68764	196116
68852	196104
68854	195502
68882	195281
68938	195280
68991	195270
69031	195232
69033	195077
69062	194822
69083	194774
69112	194422
69154	194279
69159	194017
69179	193963
69282	193535
69328	193498
69356	193416
69363	193334
69375	193123
69398	193101
69422	192931
69436	192888
69456	192677
69473	192339
69490	192049
69579	191861
69581	191729
69644	191184
69680	191154
69768	191142
69789	190482
69834	190304
69890	190223
69923	190116
69925	189984
69988	189439
70024	189409
70089	189259
70131	189066
70133	188737
70217	188733
70229	188591
70248	188538
70280	188188
70316	188158
70374	187889
70394	187686
70428	187442
70434	187323
70472	187310
70484	187099
70517	187005
70543	186996
70545	186864
70591	186602
70608	186319
70644	186289
70672	186270
70708	186240
70722	185817
70765	185744
70830	185661
70848	185513
70867	184958
70914	184838
70950	184810
70958	184705
70967	184520
70997	184435
71051	184423
71053	184394
71058	184200
71059	184136
71081	183958
71121	183655
71141	183588
71143	183371
71173	183286
71232	183183
71234	183051
71297	182506
71333	182476
71406	182452
71411	182004
71445	181760
71534	181323
71660	181284
71668	181161
71704	181131
71728	181071
71743	180640
71748	180323
71791	180217
71861	180172
71871	180126
71892	179632
72031	179411
72053	179306
72057	179226
72071	179189
72097	178736
72167	178691
72172	178604
72179	178579
72189	178314
72198	178151
72242	178034
72278	178004
72280	177994
72312	177989
72343	177449
72379	177419
72452	177395
72457	176947
72538	176712
72608	176667
72621	176661
72622	176541
72642	176474
72687	176109
72716	176010
72729	175916
72788	175524
72830	175331
72861	175308
72881	175241
72902	175099
72963	175087
72975	174806
73016	174597
73057	174238
73157	173986
73171	173736
73208	173618
73282	173516
73290	173461
73306	173383
73322	173116
73353	172916
73389	172886
73462	172862
73467	172414
73503	172384
73575	172258
73589	172174
73626	172110
73632	171902
73658	171618
73745	171520
73766	171358
73771	171354
73798	170991
73840	170798
73912	170489
73954	170296
73990	170266
74079	170078
74103	169693
74161	169409
74203	169216
74254	169073
74285	168873
74295	168653
74337	168460
74399	168371
74435	168341
74486	167857
74534	167793
74557	167722
74621	167713
74637	167237
74668	167037
74728	166906
74782	166535
74818	166505
74875	166386
74877	166303
74917	166082
75017	166027
75028	165683
75059	165483
75104	165348
75146	165155
75173	164981
75209	164951
75241	164844
75248	164770
75308	164528
75352	164268
75394	164075
75459	163827
75477	163732
75501	163634
75579	163528
75591	163230
75627	163200
75684	163157
75694	162852
75725	162652
75801	162411
75832	162211
75839	162150
75875	162120
75921	162112
75946	161709
75982	161679
76052	161582
76066	161410
76093	161326
76156	161244
76188	161233
76196	161204
76199	161199
76201	160957
76251	160843
76263	160803
76268	160598
76358	160402
76382	160185
76428	160152
76475	159915
76497	159657
76539	159464
76589	159413
76625	159383
76666	159326
76682	159280
76683	159086
76686	159081
76719	159056
76729	158929
76759	158726
76766	158698
76808	158505
76827	158260
76921	158084
76984	157539
77108	157282
77131	157156
77139	157082
77215	157043
77232	156920
77235	156877
77246	156775
77253	156580
77273	156513
77370	156299
77473	156009
77510	155914
77515	155816
77522	155476
77621	155229
77660	155118
77677	154995
77691	154850
77735	154727
77771	154697
77815	154593
77830	154557
77846	154393
77929	154334
77960	153891
77980	153824
78043	153808
78077	153610
78123	153384
78159	153354
78209	153100
78275	152632
78317	152439
78451	152204
78539	152078
78548	151941
78558	151809
78631	151601
78677	151487
78696	151250
78738	151157
78749	151013
78766	150983
78793	150788
78815	150768
78840	150630
78873	150588
78878	150544
78888	150412
78932	150402
78938	150086
78958	150019
79035	149823
79045	149691
79081	149661
79127	149583
79131	149494
79144	149468
79167	149464
79199	149372
79219	149355
79225	149039
79245	148972
79264	148953
79306	148760
79340	148525
79432	148499
79457	148469
79484	148274
79499	148203
79521	148112
79526	148022
79563	148016
79589	147679
79629	147572
79644	147447
79707	147283
79728	147279
79738	147147
79749	147090
79751	146835
79850	146612
79898	146487
79964	146086
80063	146052
80068	145929
80109	145743
80143	145742
80192	145659
80194	145165
80293	144942
80346	144680
80407	144416
80511	144259
80578	144250
80584	143910
80655	143775
80663	143670
80680	143659
80722	143466
80776	143288
80807	143221
80813	143208
80820	143053
80849	143028
80871	142863
80880	142588
80979	142365
81062	142279
81081	142086
81093	141839
81167	141541
81266	141318
81294	141103
81380	140792
81484	140635
81507	140354
81611	140197
81659	140181
81719	140110
81747	139998
81762	139823
81824	139448
81929	139375
81970	139055
82087	138811
82140	138644
82146	138636
82170	138579
82183	138306
82253	138264
82296	138174
82340	137975
82347	137791
82410	137543
82468	137508
82497	137329
82600	137165
82625	136787
82706	136756
82715	136690
82752	136649
82755	136461
82757	136444
82819	136405
82821	136164
82863	136035
82883	135968
82912	135740
83010	135652
83039	135602
83051	135593
83064	135567
83074	135485
83119	135417
83176	135392
83179	135171
83206	134976
83320	134900
83341	134627
83351	134274
83387	134244
83468	134217
83498	133891
83501	133812
83584	133637
83713	133635
83727	133611
83729	133441
83759	133434
83770	133169
83776	133120
83860	133102
83861	132956
83931	132731
83942	132692
83983	132420
84022	132060
84121	131407
84229	131159
84285	131116
84391	130934
84467	130829
84490	130281
84584	130252
84604	130185
84680	129856
84683	129599
84703	129532
84855	129359
84860	129313
84870	129205
84968	129065
84969	129033
84987	128875
85095	128627
85139	128445
85229	128187
85283	127989
85339	127761
85348	127755
85360	127463
85442	127438
85468	127215
85524	127172
85546	127130
85569	127000
85685	126751
85688	126523
85729	126337
85787	126300
85827	126266
85868	126187
85919	125912
85922	125655
85942	125588
86089	125205
86216	124995
86267	124876
86302	124778
86324	124747
86356	124717
86380	124704
86402	124662
86414	124493
86487	124467
86505	124420
86514	124278
86522	124045
86585	123869
86699	123668
86750	123549
86775	123444
86778	123187
86798	123120
86884	122903
87010	122876
87068	122542
87183	122351
87257	122251
87258	122117
87261	121860
87281	121793
87378	121577
87449	121468
87485	121438
87493	121366
87552	121225
87580	120908
87685	120849
87687	120576
87745	120543
87765	120476
87771	120471
87802	120344
87822	120195
87842	120128
87929	119863
87949	119796
87989	119745
88044	119631
88063	119581
88064	119564
88096	119413
88133	119375
88191	119342
88211	119275
88234	119236
88254	119144
88290	119114
88297	119043
88305	118868
88325	118801
88375	118662
88395	118595
88472	118418
88519	118407
88522	118279
88539	118233
88542	118212
88549	118188
88611	118131
88659	118022
88666	117917
88686	117850
88741	117736
88761	117669
88788	117563
88851	117505
88863	117483
88902	117344
88925	117300
88957	117291
88960	117034
88980	116967
89008	116784
89118	116618
89138	116551
89227	116294
89247	116159
89323	116049
89341	116038
89415	116010
89450	115733
89466	115669
89470	115666
89493	115561
89504	115326
89588	115241
89675	115210
89696	114809
89808	114338
89853	114088
90018	114063
90027	114024
90050	114020
90086	113979
90092	113463
90266	113399
90282	113381
90333	113080
90416	112575
90433	112545
90569	112224
90637	112092
90682	111842
90847	111817
90864	111802
90879	111774
90885	111401
90921	111217
90973	111183
90987	111024
91042	110680
91165	110666
91189	110297
91267	110289
91308	109947
91322	109945
91431	109933
91475	109594
91533	109556
91588	109212
91755	109083
91800	108833
91837	108823
91905	108768
91920	108318
92029	108306
92042	108277
92073	107967
92131	107929
92186	107585
92254	107530
92383	107517
92398	107341
92452	107044
92561	107032
92605	106693
92682	106563
92718	106311
92883	106286
92915	106243
92930	105954
93039	105942
93052	105913
93083	105603
93138	105477
93196	105221
93264	105162
93291	105126
93349	105088
93404	104744
93516	104666
93530	104429
93692	104199
93720	104151
93843	104128
93900	103722
93948	103703
93993	103453
94026	103407
94068	103272
94233	103247
94262	103090
94334	103042
94372	103008
94404	102806
94449	102556
94556	102431
94569	102405
94600	102309
94614	102155
94721	102131
94728	102044
94794	101993
94835	101971
94839	101743
94919	101613
94987	101398
95108	101365
95163	101287
95199	101154
95240	101012
95321	100947
95330	100939
95331	100855
95366	100697
95494	100634
95503	100516
95539	100384
95550	100376
95671	100343
95703	100236
95739	100015
95862	99675
95973	99456
96018	99206
96107	99101
96182	99058
96283	98855
96307	98793
96377	98636
96519	98549
96526	98492
96536	98333
96553	98303
96581	98184
96644	98127
96726	97958
96784	97839
96870	97771
96909	97680
96933	97550
97047	97483
97074	97296
97092	97233
97160	97185
97201	97163
97205	96935
97347	96817
97376	96815
97417	96793
97421	96565
97488	96526
97519	96453
97570	96337
97574	96109
97748	96072
97771	96041
97798	96008
97813	95920
97823	95761
97840	95731
97857	95605
98054	95427
98137	95087
98168	95078
98242	95072
98283	95050
98284	95007
98287	94822
98339	94663
98420	94583
98499	94578
98503	94515
98581	94445
98656	94396
98731	94056
98786	94037
98836	93978
98962	93794
98989	93605
99153	93457
99170	93452
99212	93249
99225	93108
99292	93013
99363	92994
99373	92900
99418	92650
99582	92502
99687	92495
99790	92354
99856	92257
99941	92136
99953	91994
99996	91925
100013	91895
100042	91889
100085	91820
100102	91790
100237	91639
100278	91601
100319	91498
100321	91383
100458	91169
100584	91134
100600	91115
100602	91083
100645	90865
100760	90820
100770	90726
100782	90651
100815	90476
100925	90116
101058	90056
101147	89951
101158	89911
101204	89848
101222	89787
101237	89781
101249	89598
101338	89493
101413	89450
101439	89441
101564	89336
101618	89166
101734	89063
101815	89024
101825	89023
101850	88896
101904	88726
101964	88695
101965	88562
101981	88527
102129	88414
102158	88359
102247	88254
102349	88154
102406	88054
102451	87936
102499	87755
102544	87505
102708	87357
102762	87297
102915	87244
102917	87240
102920	87153
102961	87131
102965	86903
103127	86830
103129	86755
103181	86660
103403	86510
103483	86472
103488	86389
103589	86369
103619	86267
103750	86018
103830	85976
103894	85961
103926	85903
103990	85749
104022	85706
104050	85682
104165	85669
104169	85552
104170	85378
104224	85208
104345	85189
104386	85167
104390	84939
104489	84928
104513	84861
104554	84791
104561	84746
104585	84684
104638	84682
104691	84592
104792	84474
104797	84440
104913	84425
104928	84393
104964	84339
105009	84089
105065	84058
105118	83968
105209	83857
105234	83797
105333	83571
105588	83544
105641	83480
105644	83474
105690	83463
105691	83242
105715	83159
105772	82883
105863	82854
105979	82740
106015	82703
106039	82641
106215	82587
106228	82498
106251	82397
106409	82358
106439	82252
106524	82119
106534	81972
106578	81955
106591	81908
106636	81658
106734	81501
106856	81310
107004	81153
107058	80983
107126	80962
107180	80792
107344	80644
107621	80599
107675	80476
107702	80295
107843	80098
107965	79907
108026	79777
108135	79699
108190	79629
108434	79486
108521	79461
108630	79383
108672	79363
108708	79254
108753	79004
108811	78892
108856	78890
108914	78832
108920	78814
108965	78760
109078	78684
109126	78542
109180	78372
109344	78224
109499	78183
109588	78081
109675	78056
109713	77974
109880	77919
109894	77896
109968	77797
109978	77727
109995	77630
110045	77562
110088	77466
110119	77463
110209	77425
110239	77405
110264	77180
110366	77158
110412	77133
110432	77028
110443	76945
110591	76898
110654	76734
110756	76510
110866	76490
110917	76471
110964	76395
111066	76344
111092	76341
111120	76337
111140	76245
111153	76168
111164	75866
111411	75615
111594	75544
111613	75529
111747	75505
111774	75316
111777	75226
111897	75026
111937	75011
111950	74996
111983	74956
112026	74825
112065	74802
112100	74726
112170	74543
112335	74518
112424	74208
112618	74189
112741	74047
112841	73937
112850	73875
112954	73853
112958	73819
112985	73801
113074	73795
113081	73741
113105	73738
113116	73594
113177	73498
113186	73379
113324	73358
113365	73306
113480	73300
113503	73136
113590	73107
113599	73052
113653	72882
113768	72877
113776	72864
113824	72853
113863	72799
113878	72683
113882	72645
113990	72433
114147	72205
114356	71994
114508	71979
114514	71937
114535	71921
114545	71655
114569	71593
114702	71427
114726	71365
114849	71287
114933	71222
115082	71117
115112	71094
115192	71044
115316	70869
115384	70851
115458	70720
115480	70686
115486	70539
115510	70477
115633	70399
115690	70314
115714	70252
115837	70174
115921	70109
116047	70014
116120	69986
116265	69801
116272	69770
116353	69597
116384	69490
116439	69488
116517	69449
116536	69274
116699	69146
116759	69110
116773	69024
116929	68859
116963	68650
117147	68615
117200	68400
117267	68375
117384	68365
117396	68298
117538	68213
117556	68152
117617	68129
117623	67889
117694	67751
117878	67716
117985	67515
118050	67503
118111	67480
118175	67460
118283	67200
118326	67120
118479	66866
118648	66807
118682	66634
118753	66496
118892	66488
118937	66461
119004	66321
119075	66183
119228	66176
119248	66002
119319	65864
119503	65829
119538	65611
119736	65593
119791	65521
119860	65298
120104	64979
120370	64681
120780	64521
120982	64361
120989	64357
121068	64293
121080	64126
121236	64027
121282	63966
121307	63923
121438	63867
121538	63719
121542	63610
121744	63450
121902	63447
121911	63265
121965	63095
122069	63012
122317	62942
122324	62922
122351	62733
122516	62708
122600	62645
122620	62642
122646	62625
122649	62595
122674	62472
122768	62462
122850	62352
123006	62322
123034	62309
123037	62247
123060	62152
123108	62109
123174	62006
123224	61980
123389	61955
123415	61948
123468	61946
123472	61778
123504	61728
123641	61709
123663	61685
123671	61607
123752	61582
123841	61411
123842	61324
123959	61227
123996	61174
124103	61158
124138	61082
124165	60893
124296	60821
124373	60819
124427	60640
124592	60615
124627	60377
124844	60369
124904	60127
124928	60065
125227	60042
125228	60026
125272	59777
125330	59736
125366	59672
125446	59605
125539	59499
125679	59466
125687	59247
125797	59156
125960	58995
125977	58993
125987	58852
126143	58753
126277	58598
126433	58499
126449	58336
126614	58311
126700	58287
126716	58274
126739	58082
126770	58010
126922	57989
126957	57962
126977	57896
127057	57836
127166	57746
127179	57705
127208	57630
127293	57593
127321	57535
127333	57508
127363	57419
127528	57394
127531	57366
127537	57327
127609	57295
127677	57257
127686	57155
127791	57080
127846	56987
128005	56955
128128	56893
128162	56684
128288	56358
128545	56273
128724	56242
128851	55856
129016	55831
129159	55813
129208	55748
129292	55735
129299	55502
129479	55487
129691	55479
129733	55379
129846	55241
129898	55006
130134	54961
130190	54951
130293	54885
130316	54803
130340	54721
130469	54667
130496	54534
130588	54332
130652	54289
130767	54097
131030	54035
131085	53921
131175	53806
131480	53800
131527	53636
131656	53582
131690	53542
131703	53428
131827	53398
131939	53373
131954	53012
132217	52950
132314	52849
132362	52721
132559	52633
132745	52613
132810	52584
132837	52552
132900	52460
133054	52317
133240	52297
133334	52256
133348	52106
133656	51909
133811	51698
133985	51620
134171	51535
134278	51477
134362	51404
134433	51266
134444	51233
134608	51085
134664	51046
134849	51009
134892	50879
135088	50874
135112	50692
135251	50544
135403	50529
135570	50520
135625	50501
135634	50491
135639	50426
135673	50352
135699	50190
135780	50113
135987	49970
136295	49841
136383	49721
136470	49710
136516	49671
136614	49595
136665	49571
136677	49567
136717	49553
136722	49511
136778	49447
136943	49422
136960	49402
136992	49167
137136	49134
137166	49121
137228	49069
137280	49051
137327	48974
137330	48973
137351	48966
137454	48959
137485	48912
137535	48780
137678	48773
137699	48632
137799	48612
137890	48472
138037	48438
138064	48380
138212	48307
138241	48271
138353	48246
138367	48096
138706	48088
138790	48064
138809	47964
138864	47932
138875	47832
138896	47797
139012	47681
139269	47596
139369	47563
139388	47378
139561	47329
139575	47179
139749	47087
139834	46998
140002	46832
140206	46785
140232	46745
140282	46644
140400	46579
140666	46541
140670	46526
140680	46391
140811	46345
140854	46299
141177	46227
141225	46159
141308	46136
141322	46127
141326	46125
141399	46067
141473	45991
141672	45895
141753	45803
141850	45801
141883	45636
142163	45448
142307	45445
142328	45423
142419	45400
142427	45361
142543	45321
142660	45284
142707	45173
142881	45081
143148	45052
143204	45009
143254	44886
143461	44800
143562	44788
143604	44710
143606	44658
143648	44601
143793	44538
143822	44509
143972	44357
144088	44317
144146	44265
144172	44223
144252	44169
144337	44081
144426	44077
144492	43870
144710	43860
144880	43752
144933	43749
145144	43585
145439	43516
145611	43511
145813	43432
145827	43398
145986	43383
145993	43345
146000	43233
146157	43197
146272	43188
146388	43115
146446	43096
146497	43069
146609	42984
146748	42947
146750	42901
146922	42855
146949	42829
147106	42820
147146	42721
147258	42637
147355	42538
147562	42527
147568	42395
147801	42335
147956	42277
148009	42274
148131	42239
148189	42217
148200	42177
148314	42139
148318	42040
148492	41948
148655	41938
148679	41922
148759	41919
148815	41876
148829	41846
148937	41765
149160	41671
149173	41630
149360	41604
149534	41512
149618	41447
149629	41405
149792	41355
149803	41313
150109	41286
150165	41243
150203	41153
150464	41122
150510	41114
150591	41035
150665	40903
150892	40813
151106	40782
151151	40771
151187	40673
151361	40581
151581	40555
151680	40472
151716	40374
151988	40303
152058	40291
152110	40256
152286	40215
152413	40196
152429	40182
152500	40150
152562	40124
152566	40027
152780	39962
152823	39928
153000	39900
153055	39831
153218	39741
153443	39713
153466	39690
153571	39662
153579	39613
153770	39599
153779	39575
153941	39513
153974	39426
154193	39332
154394	39300
154512	39299
154540	39238
154558	39181
154577	39051
154722	39033
154803	38947
155037	38857
155277	38852
155336	38846
155432	38641
155788	38577
155820	38523
155892	38447
156266	38328
156500	38238
156714	38166
156860	38069
157140	37959
157305	37934
157355	37828
157627	37770
157660	37708
157715	37659
157880	37634
158048	37590
158049	37583
158103	37541
158139	37532
158231	37490
158419	37344
158774	37286
158807	37226
158809	37210
158948	37194
159197	37092
159389	37073
159464	37025
159512	36921
159963	36893
159972	36851
160051	36831
160116	36744
160256	36722
160300	36720
160327	36672
160411	36511
160780	36501
160786	36482
160871	36441
160927	36342
161390	36304
161407	36282
161411	36269
161481	36225
161616	36215
161639	36193
161659	36152
161761	36037
161894	36023
161919	36005
162030	35975
162149	35919
162254	35860
162422	35846
162435	35836
162496	35819
162590	35809
162749	35790
162753	35782
162780	35758
162881	35731
162973	35643
163229	35611
163235	35479
163422	35237
164018	35175
164037	35098
164155	34961
164580	34931
164816	34770
165056	34763
165165	34693
165375	34652
165447	34647
165503	34601
165553	34575
165648	34549
165681	34524
166031	34508
166036	34431
166116	34384
166229	34330
166387	34306
166424	34232
166536	34227
166542	34095
166694	34080
166855	34044
166977	34042
167095	34028
167224	33953
167250	33912
167318	33857
167516	33853
167547	33760
167706	33739
167834	33688
167999	33663
168049	33646
168063	33591
168222	33570
168320	33557
168410	33419
168830	33394
168867	33389
168883	33379
168904	33366
168926	33250
169027	33136
169149	33079
169609	33009
169665	32910
169766	32796
170053	32792
170154	32678
170400	32602
170560	32560
170680	32414
171068	32296
171528	32226
171659	32167
172047	32049
172548	31929
172828	31741
173253	31711
173288	31671
173676	31667
173678	31624
173807	31494
174264	31467
174518	31419
174572	31293
174724	31278
174997	31263
175207	31248
175264	31177
175363	31066
175491	31015
175516	30990
175623	30879
175880	30871
176053	30794
176160	30683
176638	30563
176659	30536
177014	30517
177175	30367
177699	30363
177723	30262
177902	30240
178029	30201
178154	30120
178433	30105
178625	30051
178851	29983
179143	29967
179162	29855
179314	29840
179499	29830
179520	29803
179622	29785
179889	29728
179905	29659
180036	29634
180393	29608
180496	29564
180560	29506
180593	29469
180745	29454
180909	29439
180920	29343
181072	29328
181254	29212
181570	29191
181713	29113
181857	29069
182107	28995
182233	28965
182251	28951
182385	28950
182446	28947
182529	28913
182673	28869
182834	28868
182840	28829
182978	28824
183087	28799
183091	28788
183105	28785
183134	28767
183262	28747
183458	28687
183694	28663
183818	28661
183866	28633
183945	28622
183988	28601
183992	28590
184147	28533
184437	28440
184589	28425
184859	28358
184891	28347
185207	28327
185291	28274
185591	28246
185649	28201
185745	28181
185777	28150
186165	28032
186425	28028
186549	28007
186756	27992
186854	27924
186943	27889
187019	27866
187121	27758
187644	27754
187871	27733
187975	27592
188437	27577
188496	27521
188611	27481
188763	27466
189070	27455
189241	27428
189338	27354
189388	27347
189465	27315
189782	27229
189925	27151
190232	27108
190315	27095
190319	27033
190737	27013
190779	26963
190891	26927
191168	26913
191189	26886
191298	26786
191613	26652
191765	26637
192217	26595
192294	26463
192592	26405
192754	26399
192906	26384
192960	26364
193112	26349
193608	26233
193814	26198
194087	26183
194315	26169
194431	26143
194666	26086
194818	26071
195104	26068
195304	25996
195546	25946
195720	25935
195774	25932
195824	25871
196031	25869
196154	25701
196374	25675
196631	25667
196661	25659
196684	25624
196906	25599
196911	25479
197663	25377
197765	25313
198228	25311
198437	25225
198517	25211
198985	25089
199137	25074
199291	25059
199737	25053
199746	25029
200320	25004
200447	24965
200535	24962
200576	24937
200797	24895
200807	24889
200949	24880
201117	24853
201174	24838
201326	24823
201401	24730
201423	24693
201522	24630
201674	24615
202229	24612
202380	24483
202563	24476
202916	24465
203216	24387
203245	24382
203276	24338
203437	24284
203996	24283
204086	24150
204512	24114
204549	24072
205065	23903
205217	23888
205792	23776
207226	23770
207412	23736
207490	23701
207797	23669
207903	23615
208542	23558
208949	23546
208999	23518
209045	23507
209151	23503
209220	23474
209619	23469
209821	23463
209829	23438
209886	23437
209892	23408
210031	23351
210064	23329
210174	23293
210348	23261
210376	23241
210410	23239
210528	23226
210873	23161
210995	23110
211072	23068
211293	23031
211389	22992
212091	22972
212120	22947
212138	22940
212272	22932
212523	22864
212532	22840
212722	22824
212992	22774
213403	22757
213880	22683
214325	22622
214863	22594
214957	22573
215057	22544
215291	22531
215292	22517
215302	22470
215454	22455
215473	22404
215687	22377
216036	22297
216274	22254
216954	22159
217149	22133
217310	22122
217462	22107
217649	22001
217801	21986
217930	21979
218415	21951
218467	21919
218689	21865
218827	21756
219666	21692
220228	21685
220355	21684
220377	21629
220393	21565
221140	21536
221235	21453
221477	21438
221821	21404
222204	21311
222548	21277
222650	21253
223118	21233
223270	21218
223385	21161
223424	21147
223576	21132
224026	21111
224275	21084
224440	21005
224758	20995
224812	20888
225156	20854
226278	20835
226478	20777
226750	20743
227005	20691
227116	20671
227527	20654
228028	20650
228086	20646
228105	20611
228175	20606
228300	20577
228555	20564
228789	20529
228827	20491
229033	20421
229711	20334
230458	20302
230658	20244
230855	20221
231186	20211
231336	20157
231884	20154
231919	20095
232119	20037
232797	19950
233669	19910
234063	19844
234430	19789
235009	19780
235144	19772
235244	19737
235470	19721
235511	19684
235991	19623
236551	19603
236863	19536
237015	19521
237567	19484
237658	19452
238154	19419
238694	19390
238742	19372
239131	19353
239409	19308
239430	19238
239582	19223
240301	19104
240692	19077
241121	19063
241203	19035
241346	19015
241403	18977
241550	18962
241944	18897
242081	18892
242934	18791
243283	18774
243505	18673
244221	18631
244249	18550
244723	18535
244785	18514
245071	18512
245529	18391
246051	18388
246222	18370
246424	18368
246758	18334
246775	18312
247079	18264
247199	18231
247502	18211
248024	18208
248097	18203
248397	18188
248449	18133
248705	18125
248951	18037
249789	18034
249892	18032
249913	17971
250324	17954
250805	17894
251147	17893
251420	17754
251717	17739
252212	17696
252261	17674
252416	17665
252461	17616
252872	17599
253690	17583
253715	17551
253919	17520
253927	17500
254338	17483
254577	17481
255040	17440
255196	17346
255400	17315
255811	17298
256750	17264
257074	17250
257096	17246
257272	17227
257421	17219
257570	17178
258260	17122
258757	17097
258837	17076
259014	17030
259687	17029
259824	17002
259831	16944
260353	16941
260631	16935
260742	16920
260880	16811
261635	16802
261656	16767
261822	16695
262658	16690
262756	16686
263041	16678
263051	16662
263187	16609
263559	16492
264788	16459
265236	16404
265600	16402
265694	16400
265870	16287
266137	16206
266988	16177
267366	16173
267676	16152
268050	16116
268075	16085
268168	16059
268530	15986
268941	15969
269519	15937
269974	15838
270364	15825
270385	15821
270689	15780
271100	15763
272109	15746
272666	15644
273001	15616
273680	15604
273948	15550
274678	15505
275433	15496
275562	15483
276059	15457
276201	15446
276328	15341
276923	15282
277247	15268
278062	15220
278301	15161
278823	15158
279369	15113
279419	15106
280049	15065
280103	15043
280763	15016
280988	14976
281199	14944
281961	14878
282489	14814
283120	14782
283338	14761
283716	14746
283934	14725
284164	14694
284171	14647
284389	14626
285519	14602
286051	14512
286806	14503
287250	14499
287377	14498
287491	14454
287498	14440
287667	14415
288231	14405
288507	14373
288542	14319
289282	14270
289536	14261
289705	14236
290460	14227
290927	14205
290942	14170
291992	14160
292164	14139
292771	14103
293366	14023
293788	13996
293861	13992
294030	13967
294391	13962
294473	13939
294611	13830
295366	13821
295640	13820
296890	13753
297392	13657
298621	13624
299423	13534
300115	13529
300206	13486
300813	13461
300973	13407
301804	13365
302559	13356
302810	13349
302970	13295
304650	13282
304730	13242
305175	13231
305246	13213
305281	13207
305450	13182
305699	13167
305859	13113
306517	13112
306614	13104
306686	13087
307441	13078
308192	13052
308295	13010
309303	12977
309472	12952
309796	12938
310823	12886
311788	12829
311871	12810
312727	12799
312829	12798
313017	12796
313106	12712
313574	12695
313609	12689
313778	12664
313953	12608
313988	12602
314157	12577
315510	12562
315530	12548
316124	12547
316207	12540
317203	12536
317388	12479
318305	12447
318338	12411
319421	12386
319537	12322
320528	12282
321775	12218
323299	12202
323759	12184
323825	12181
324173	12143
324713	12132
325037	12118
325402	12110
325792	12109
326362	12069
327160	12053
327404	12045
327416	12001
327740	11987
328495	11978
328969	11954
328999	11950
329420	11949
329863	11922
330228	11917
330325	11904
330474	11881
330529	11873
330798	11867
331098	11857
331422	11843
332027	11834
332135	11820
332682	11792
332939	11777
333237	11764
333251	11758
333494	11757
333713	11751
333733	11731
334098	11730
334490	11701
334659	11676
335051	11636
335648	11603
336294	11579
337049	11570
337088	11556
337981	11542
338618	11529
338627	11518
339181	11456
341392	11433
341407	11421
341514	11395
341794	11376
341847	11375
342197	11338
342918	11333
342952	11329
342963	11310
343858	11287
344424	11275
345013	11273
345406	11250
346149	11235
346194	11212
346547	11210
346657	11204
346869	11166
347386	11158
347401	11157
347629	11121
347921	11088
348452	11022
350607	11016
351110	11008
351357	11007
351529	11005
351888	10941
352932	10896
353971	10895
354468	10887
354629	10843
354663	10819
356246	10812
356552	10811
356713	10782
357247	10781
357740	10766
358121	10734
358595	10719
358625	10699
359113	10626
361163	10589
361622	10587
362015	10570
363771	10561
363955	10526
365418	10518
365635	10513
366182	10511
366517	10482
366529	10467
366614	10436
367051	10396
368404	10381
368737	10371
368804	10331
370322	10305
372372	10268
373580	10254
373725	10253
374087	10232
375116	10222
375440	10217
375550	10199
375729	10194
375754	10168
377320	10126
378087	10107
380131	10094
381818	10059
381987	10034
382539	10027
383146	9976
384678	9954
385196	9939
386003	9936
386206	9924
386849	9909
387889	9875
388093	9844
391242	9816
392323	9779
392641	9776
393325	9761
393643	9758
393685	9744
393725	9695
394371	9687
394406	9659
394610	9628
394928	9625
398930	9514
404017	9513
406452	9464
407150	9452
408430	9440
408792	9419
408996	9388
409502	9374
410532	9358
411046	9351
412368	9337
415174	9326
415333	9302
415378	9295
415657	9288
416517	9287
416914	9265
417193	9258
418493	9250
419092	9237
419861	9233
420606	9231
420641	9203
420845	9172
422895	9135
427691	9130
427954	9108
428744	9080
430794	9043
433327	9028
433997	9012
434201	8981
438815	8950
442190	8929
446348	8910
447701	8895
459672	8893
459876	8862
460886	8855
461090	8824
461642	8818
462185	8810
464106	8794
471495	8773
472493	8760
473136	8697
