9440	631797
9450	608951
9492	607377
9508	604653
9510	598337
9512	591410
9581	590458
9595	588399
9624	585953
9628	575637
9652	572878
9662	572437
9694	571304
9721	569595
9733	568711
9751	562957
9756	562562
9797	562079
9798	560988
9799	555152
9809	546407
9822	545652
9840	542959
9882	541385
9904	528244
9928	525645
9976	523620
10000	521021
10053	519912
10065	519855
10095	517771
10189	515514
10192	512357
10225	508750
10237	506590
10254	505221
10293	504455
10296	503647
10314	503496
10320	503275
10329	500735
10351	497367
10353	497279
10388	495108
10454	493124
10459	489956
10484	485127
10520	483980
10525	482670
10569	480722
10600	477274
10644	476596
10665	476108
10687	465069
10705	464278
10721	462343
10727	459823
10758	456375
10802	455697
10827	455423
10831	454028
10875	453350
10900	453076
10935	452780
10977	452173
10997	451644
11013	451137
11085	450661
11086	448790
11087	448620
11101	448454
11143	446489
11157	446446
11192	446341
11196	443025
11236	441406
11250	438134
11292	436560
11332	436498
11335	433341
11377	431767
11436	430912
11442	430601
11465	428560
11530	427394
11562	426316
11566	426131
11611	425059
11641	424754
11664	422783
11713	421526
11715	419855
11787	417450
11796	416660
11815	416395
11842	415286
11857	414094
11870	413106
11881	409930
11911	408981
11937	407472
11953	405715
12022	404763
12057	403652
12119	403331
12126	402700
12139	400504
12161	400467
12183	399826
12218	398942
12280	396262
12338	395063
12355	395011
12379	394296
12396	394120
12410	390848
12432	390811
12475	389682
12526	389362
12527	388081
12627	386933
12699	385071
12720	384292
12745	384034
12777	382593
12786	380743
12832	380560
12842	380491
12848	380337
12851	379577
12877	378044
12896	375527
12909	375270
12940	374346
12967	374327
12978	374212
12981	371055
13050	370103
13055	369149
13124	368197
13175	366115
13244	365163
13316	364947
13341	363731
13380	363568
13413	363527
13417	362518
13445	362402
13448	362399
13480	362289
13481	361139
13491	360612
13545	357630
13593	355529
13598	355354
13647	354097
13669	354060
13712	352565
13717	350572
13745	350340
13797	348922
13818	348143
13833	347792
13846	347535
13874	346874
13879	346077
13894	345919
13909	345860
13918	343320
13987	342368
14050	341367
14084	340936
14094	339706
14163	338754
14164	338102
14210	337173
14232	336933
14253	336546
14286	336251
14299	335617
14315	335498
14329	335098
14389	333824
14434	333423
14457	332655
14494	332149
14515	331956
14534	330110
14574	329030
14589	328971
14598	326431
14659	325674
14721	325268
14728	324722
14789	324206
14826	324101
14871	321704
14900	321280
14903	321051
14946	319710
14963	318884
15025	318478
15071	317777
15128	317280
15137	316866
15138	316702
15145	316257
15149	315497
15163	314084
15216	311808
15222	311396
15265	310551
15315	309793
15334	309599
15364	308536
15433	307584
15504	307397
15531	306374
15600	305422
15660	305281
15661	303853
15758	302743
15804	302635
15815	302420
15834	301805
15842	300993
15843	300459
15852	299639
15866	298394
15978	296808
16031	296551
16088	296478
16108	296240
16115	294226
16123	294154
16215	293370
16216	292551
16234	291197
16267	290721
16303	290245
16328	289021
16396	287852
16411	287749
16429	287176
16497	286007
16579	285855
16616	285767
16632	284585
16669	284303
16699	284175
16701	281340
16741	281069
16798	279908
16838	279637
16867	278956
16907	278685
16930	278050
16992	277644
17054	277217
17082	275895
17206	275062
17282	274770
17289	274619
17306	273896
17403	272464
17433	271578
17444	270781
17524	270655
17531	270235
17541	269829
17632	269578
17639	269096
17712	268456
17719	267828
17749	267100
17783	266563
17800	266341
17806	265907
17821	265345
17856	264277
17922	262916
17984	262510
18011	262455
18046	262083
18094	261978
18110	261827
18122	261115
18144	261000
18166	260417
18195	259549
18213	258033
18290	257366
18338	257180
18379	255649
18448	255179
18503	254816
18579	254524
18601	253733
18651	253630
18653	253535
18661	253180
18693	252754
18705	251881
18794	250325
18836	250239
18848	249366
18937	247810
19017	247807
19056	247570
19071	246848
19110	244229
19178	243060
19302	242227
19378	241935
19400	241144
19483	241053
19528	240797
19538	240699
19541	240686
19553	240584
19586	239623
19604	239273
19613	238138
19719	237035
19744	236479
19774	236290
19795	235511
19904	234870
19913	234711
19919	234678
19925	234199
19965	233667
20058	232998
20079	232327
20149	231925
20183	231526
20188	231149
20237	231105
20265	230757
20278	230754
20290	229852
20333	229588
20342	227496
20432	227438
20434	227159
20486	226921
20508	225914
20523	225799
20598	225519
20706	225140
20738	223955
20828	223897
20842	222928
20904	222373
20919	222258
21007	221085
21022	220970
21059	220847
21153	220752
21160	220068
21279	219066
21524	218854
21533	218577
21570	217581
21650	217398
21664	215803
21784	215666
21793	214964
21794	214423
21883	214104
21886	213887
21947	213440
21949	213021
21959	212580
21974	212465
22033	212113
22036	211884
22085	211808
22116	211701
22127	211227
22189	210867
22192	210810
22195	210581
22231	210561
22261	210265
22285	210186
22292	209857
22302	209416
22330	209353
22347	209084
22350	208709
22351	208574
22372	208211
22405	207953
22474	207876
22475	207741
22495	207248
22531	207181
22579	206724
22609	206337
22689	205042
22778	204988
22779	203710
22865	203659
22868	203656
22913	203436
22933	202490
22985	202252
23123	201225
23175	200987
23253	200965
23264	200529
23353	200475
23356	199942
23418	199309
23470	199071
23510	198722
23562	198484
23634	197889
23681	197385
23687	196830
23725	196382
23802	195666
23841	195610
23939	195457
23964	195246
23979	195151
24081	194145
24156	193858
24172	193728
24198	193508
24201	193235
24310	193111
24322	192675
24343	192409
24378	191942
24441	191797
24510	191378
24558	190393
24613	190093
24640	189169
24739	188988
24763	188805
24814	188234
24913	188053
24937	187870
24979	187484
24992	187428
25045	187348
25094	187242
25115	186648
25126	186466
25133	186134
25183	185563
25215	184910
25320	184801
25338	184720
25358	184704
25389	183975
25459	183550
25488	183365
25580	182788
25633	182615
25719	182496
25724	182029
25787	181764
25874	180020
25998	179187
26213	178426
26289	178134
26413	177301
26562	176885
26653	176634
26685	176521
26709	176496
26721	175772
26858	175563
26907	175460
26946	175381
26953	175187
27004	174860
27088	174684
27100	174595
27103	174519
27148	174104
27153	174062
27168	173465
27226	172944
27317	172693
27472	171669
27586	171305
27593	170973
27633	170886
27646	170827
27650	170622
27675	169749
27738	169604
27798	169559
28011	168440
28102	168189
28108	167806
28171	167661
28227	167566
28319	166931
28433	166376
28570	165750
28622	165512
28679	165455
28731	165217
28826	165135
28891	164830
28902	164452
28938	164038
28990	163800
29076	163517
29158	163439
29204	163239
29210	163201
29309	162547
29328	162406
29361	162309
29448	162143
29498	162100
29546	161829
29560	161427
29606	161369
29613	161198
29629	161104
29704	161051
29734	160492
29828	159453
29965	159244
30086	159019
30192	158946
30238	158720
30239	158598
30272	158594
30275	158416
30286	157907
30413	157663
30465	157425
30481	157135
30558	157019
30605	157006
30618	156926
30653	156152
30732	155458
30891	155068
30927	154115
31049	153991
31069	153289
31184	153047
31308	152982
31359	152813
31379	152575
31400	152343
31501	151987
31527	151743
31574	151232
31680	150663
31716	150406
31853	150197
31854	149728
31977	149538
32133	149422
32199	149163
32224	148606
32276	148368
32480	148096
32483	148052
32495	148046
32497	147615
32549	147377
32623	146793
32638	146683
32690	146445
32745	146096
32797	145858
32809	145721
32899	145133
32951	144895
32969	144335
33143	143400
33266	143210
33520	143102
33529	143052
33581	142814
33611	142408
33734	142218
34009	141972
34047	141663
34074	141317
34144	140915
34178	140435
34244	140217
34393	139965
34432	139605
34462	139166
34585	138976
34603	138576
34656	138211
34751	137344
34874	137154
34980	136877
34988	136729
35005	136514
35217	136262
35242	135899
35339	135560
35361	135488
35454	135161
35456	134621
35800	134413
35833	134323
35844	134161
35878	133665
36153	132970
36224	132280
36248	132103
36463	131963
36508	131663
36636	131643
36670	131147
36724	130910
36767	130758
36910	130500
37108	129989
37190	129870
37203	129845
37289	129744
37294	129381
37364	129287
37446	128805
37506	128461
37590	128402
37625	128221
37726	127885
37735	127716
37780	127176
37903	126986
37966	126766
38133	126188
38319	125778
38549	125312
38661	124334
38758	124260
38842	124069
38875	123637
39062	123590
39086	123028
39087	122717
39335	122671
39382	122652
39429	122535
39433	122040
39503	121841
39594	121732
39713	121492
39849	121164
40005	120934
40010	120856
40192	120808
40220	120721
40262	120406
40317	120093
40427	119978
40455	119945
40583	119413
40669	119248
40857	118505
40881	118328
41000	118088
41142	117992
41270	117915
41324	117408
41409	116983
41670	116940
41740	116312
41997	116310
42154	115996
42155	115478
42168	115243
42370	114995
42429	114907
42445	114858
42465	114588
42634	113954
42899	113426
42923	113249
43081	113082
43116	112995
43162	112942
43239	112805
43284	112356
43329	112070
43362	111893
43578	111876
43663	111664
43817	111569
43883	111563
43916	111519
43917	111397
43950	111220
44147	110826
44167	110556
44323	110435
44428	110220
44498	110172
44562	109992
44582	109722
44745	109604
44804	109344
44828	109167
44895	108298
45125	107832
45311	107422
45409	107177
45433	107000
45694	106664
45837	106344
45861	106167
46078	106138
46098	105868
46122	105831
46198	105716
46359	105532
46361	105482
46593	105353
46670	105175
46763	104408
46900	104283
46924	104106
47051	103966
47082	103934
47106	103757
47154	103637
47178	103460
47420	102895
47444	102718
47783	102610
47787	101685
48036	101571
48178	100914
48202	100737
48451	100623
48463	100401
48634	100278
48647	100195
48800	100191
48806	100082
48849	99650
49038	99424
49062	99247
49310	99201
49323	98911
49551	98879
49632	98047
49819	97983
49893	97711
50032	97580
50050	97412
50327	96922
50428	96753
50588	96586
50618	96427
50641	96350
50769	96293
50879	96091
51036	95987
51130	95982
51172	95770
51192	95500
51319	95360
51456	95355
51470	95346
51489	95214
51501	95167
51556	95136
51616	95074
51673	94679
51907	94433
51909	94297
51932	93913
52059	93773
52287	93592
52307	93322
52434	93182
52449	93050
52737	92956
52971	92717
53216	92472
53366	92150
53429	92069
53514	91859
53663	91823
53824	91706
53918	91664
53938	91394
54290	91258
54368	91028
54512	90867
54653	90799
54742	90772
54756	90763
54830	90557
54854	90404
54870	90228
54896	90177
54959	90096
55116	89850
55389	89730
55404	89241
55467	89160
55661	89075
55768	88969
55828	88776
55891	88695
56060	88423
56123	88342
56286	88332
56358	88279
56413	88241
56485	88139
56518	87979
56639	87617
56702	87536
57025	87214
57088	87133
57290	87101
57351	86866
57510	86822
57568	86190
58152	86044
58182	86032
58372	85928
58484	85813
58524	85775
58606	85546
58667	85311
58821	84716
58884	84635
59335	84545
59427	84521
59542	84338
59561	83921
59624	83840
59696	83743
59759	83662
60136	83586
60223	83584
60370	83340
60675	83285
60715	83247
60825	83200
60851	82979
60894	82974
60914	82898
60946	82726
61068	82679
61109	82678
61195	82539
61443	82493
61603	82433
61689	82294
61719	82173
61852	81949
62046	81901
62173	81761
62370	81558
62527	81095
62561	81014
62621	80950
62668	80908
62792	80785
62795	80768
62855	80704
63009	80702
63118	80690
63289	80523
63313	80377
63347	80309
63419	80155
63420	79930
63654	79684
63927	79582
64161	79336
64509	79316
64585	79257
64636	79220
64685	78970
64841	78748
65210	78486
65294	78322
65444	78240
65528	78076
65794	77952
65801	77774
65933	77626
66005	77597
66095	77061
66159	77002
66222	76921
66806	76775
67017	76337
67451	76179
67462	76097
67467	75908
67715	75862
67982	75596
68192	75374
68400	75303
68472	75274
68605	75263
68626	74679
68689	74598
68896	74535
69273	74452
69423	74394
69424	74391
69425	73952
69552	73812
69831	73804
69859	73746
69902	73629
70029	73489
70511	73219
70612	73016
70739	72876
70987	72036
71388	72002
71801	71833
71889	71660
72092	71603
72154	71370
72158	71311
72174	71100
72477	70987
72983	70971
72997	70955
73049	70936
73059	70851
73061	70841
73110	70782
73130	70685
73407	70483
73470	70402
73581	70103
73722	69916
73849	69776
74119	69729
74135	69518
74308	69488
74543	69468
74652	69440
74717	69382
74719	69372
74730	69237
74777	69222
74864	69106
74877	69083
75150	69035
75167	69020
75224	68992
75252	68990
75272	68720
75303	68340
75794	68276
76080	67951
76120	67811
76363	67544
76490	67404
77072	67268
77180	67015
77307	66875
77889	66739
77891	66729
78131	66445
78251	66430
78258	66305
78325	65902
78505	65797
78988	65684
78999	65552
79115	65544
79271	65530
79463	65257
80001	65149
80151	65143
80174	64924
80216	64914
80375	64746
80610	64578
80622	64535
80626	64367
81165	64360
81389	64326
81394	64001
81685	64000
81747	63838
81874	63698
82417	63523
82489	63345
82551	63053
82880	63044
82945	62944
83194	62896
83195	62294
83689	62049
84280	61710
84774	61465
85157	61406
85630	61317
85661	60940
86245	60794
86538	60636
86958	60579
86974	60368
87652	60327
87775	60274
87834	60210
87840	60176
87860	59906
88342	59701
88358	59490
88834	59469
88946	59428
88952	59369
89195	59151
89474	59036
89582	58901
89717	58818
89955	58769
90082	58629
90377	58622
90459	58597
90460	58445
90653	58440
90825	58376
90900	58226
91027	58086
91255	58010
91298	57957
91776	57897
91879	57883
91951	57815
92121	57813
92143	57792
92146	57722
92162	57511
92638	57438
92664	57351
93140	57278
93203	57276
93248	57205
93259	57096
93294	56980
93700	56784
93968	56680
94013	56661
94281	56544
94711	56329
94818	56255
94860	56230
94881	56214
95063	56178
95360	55941
95389	55918
95487	55801
95715	55742
95765	55649
96030	55626
96039	55612
96160	55456
96287	55316
96587	54948
97126	54758
97521	54565
97648	54425
98191	54250
98318	54232
98602	54224
98685	53952
99077	53883
99099	53613
99619	53569
99630	53509
99638	53423
100033	53230
100160	53090
100741	53016
101090	52957
101106	52746
101405	52615
101677	52613
101681	52453
102092	52446
102220	52263
102339	52232
102466	52092
102615	52070
102742	51930
103323	51856
103324	51794
103334	51734
103620	51609
103801	51532
103983	51417
104390	51387
104628	51368
104755	51331
104761	51176
104888	51036
105468	51035
105719	50963
105809	50903
106055	50809
106097	50643
106234	50553
106286	50259
106817	50155
107248	49987
107331	49947
107347	49736
108139	49710
108266	49570
108360	49418
108870	49404
108876	49330
109083	49282
109099	49030
109229	48961
109421	48895
109621	48892
109688	48885
109760	48857
109966	48851
110013	48806
110128	48805
110144	48718
110160	48507
110290	48438
110636	48434
110749	48362
110879	48293
111130	48271
111412	48254
111457	48211
111626	48191
111719	48126
111896	48053
112026	47984
112157	47973
112408	47865
112496	47730
112812	47488
113466	47161
113709	47004
114184	46592
114660	46571
114772	46451
115044	46434
115243	46162
115683	46046
115830	45747
116690	45589
117241	45387
117701	45315
117716	45168
118440	44950
119098	44814
119127	44808
119401	44713
119716	44671
119851	44590
119966	44445
120826	44287
120927	44208
121089	43997
121565	43976
121747	43861
122365	43718
122536	43650
122960	43565
123564	43508
123601	43480
123625	43285
124101	43264
124359	43223
124485	43127
124686	42949
125072	42938
125075	42739
125935	42581
126350	42468
126618	42371
126859	42304
127301	42258
127408	42172
127813	41906
128289	41885
128538	41845
128673	41748
129089	41627
129260	41559
129684	41474
130251	41462
130318	41382
130364	41338
130635	41325
130736	41246
131130	41052
131160	41031
131742	40895
131765	40827
132299	40786
132474	40766
132577	40497
133189	40340
133437	40339
133853	40218
134049	40182
134297	40008
135060	39908
135157	39850
135267	39772
135573	39729
135856	39627
136445	39591
136716	39469
137195	39424
137534	39334
137825	39114
138692	38989
138945	38974
139441	38921
139694	38854
139805	38816
139822	38814
139825	38789
140126	38743
140149	38615
140673	38447
141084	38276
141272	38234
141694	38116
141715	38086
142157	38020
142189	37966
142782	37893
142894	37786
143261	37770
143376	37721
143603	37719
143636	37411
144590	37398
144595	37384
144701	37369
144985	37273
145224	37246
145283	37175
145797	37102
146036	37048
146037	36843
146183	36749
146905	36678
147505	36472
147625	36449
147805	36252
149061	36205
149182	36128
149247	35952
149961	35779
150920	35752
151338	35655
151403	35479
151630	35464
152749	35463
153049	35416
153212	35186
153683	34892
154642	34865
154656	34821
154659	34631
155618	34604
156036	34507
156123	34499
157269	34428
158280	34348
159078	34014
160216	33837
160250	33692
160492	33402
161150	33266
162219	33122
162778	33102
162877	32986
163995	32963
164254	32862
164505	32822
165274	32727
165378	32616
166221	32571
166224	32381
166644	32351
167302	32215
168019	32181
168089	32132
168679	32091
168930	32051
169143	31865
169355	31861
169799	31845
170016	31741
170279	31590
170894	31528
171226	31518
171332	31466
171489	31367
172180	31327
172692	31257
172750	31230
172838	31191
173253	31144
173339	31131
173507	31096
173547	31059
173602	30980
174363	30884
174952	30848
175172	30808
175588	30792
175877	30764
175991	30720
176107	30587
176527	30535
176865	30371
177311	30353
177618	30112
178165	29983
178273	29960
178298	29934
178585	29838
179008	29802
179062	29747
179065	29557
179654	29521
180954	29458
181664	29442
182008	29417
182172	29411
182520	29388
182883	29383
182903	29311
183147	29152
183618	29129
183824	28922
184136	28800
184525	28792
184725	28764
185461	28716
185764	28636
185860	28580
185960	28567
186172	28458
186761	28422
187800	28294
188281	28290
188957	28276
189183	28259
189877	28211
190859	28155
191596	28024
192011	27977
192340	27855
192875	27765
192985	27719
193312	27689
193436	27683
193697	27642
193700	27452
194614	27421
194745	27315
195160	27268
196242	27257
196344	27249
196537	27144
197093	27091
197416	27084
197495	27056
197770	27019
197840	27016
197984	26903
198054	26854
198869	26801
199784	26679
200362	26608
200832	26435
201859	26354
201982	26289
202171	26232
202729	26187
202941	26078
203530	26042
204748	26024
204830	25979
204903	25977
205038	25909
205882	25883
205883	25706
206095	25597
206684	25561
206910	25544
208057	25496
208653	25488
208981	25442
209468	25435
209550	25428
209578	25420
209615	25347
209804	25290
210038	25130
210627	25094
210853	25077
212000	25029
212610	25001
213493	24961
214490	24887
214780	24772
214876	24697
215813	24655
215837	24460
216512	24420
216652	24407
217075	24388
217799	24359
218409	24331
218454	24175
218979	24146
220171	23990
220360	23933
222110	23880
222790	23878
222797	23875
223257	23832
223321	23718
223430	23705
224442	23695
224503	23692
224657	23533
224935	23395
226275	23382
226397	23318
226909	23183
227098	23126
227913	23073
229553	23040
229913	23016
230041	22986
230059	22911
230525	22824
231713	22757
231894	22615
233271	22491
233876	22445
234060	22435
235277	22327
235437	22311
235466	22270
236042	22265
236252	22258
236959	22238
237064	22214
237541	22149
237730	22092
238831	22079
239223	22060
239328	22036
240627	22027
240661	21932
241694	21903
242597	21899
242768	21868
242825	21851
242938	21653
243365	21601
243652	21543
243859	21524
244160	21506
244277	21450
245423	21406
245608	21342
246547	21317
246983	21281
247172	21224
248415	21212
248493	21062
249118	21038
249731	20943
251075	20874
251336	20837
251691	20812
251782	20721
253000	20718
253008	20629
253790	20501
254582	20498
254830	20436
255028	20382
256123	20380
256521	20350
257463	20314
257909	20198
259004	20196
259402	20166
259471	20152
260286	20099
260675	20095
260964	20018
261332	19964
261568	19958
262260	19950
262637	19923
262708	19922
262858	19869
263082	19805
263524	19579
264619	19577
265017	19547
265458	19494
265486	19478
266467	19439
268173	19434
268325	19372
268928	19342
269161	19336
269563	19253
271056	19221
271497	19168
271525	19152
272070	19148
272434	19137
272506	19113
272839	19107
273308	19088
273786	19069
273984	19015
274008	18900
274652	18837
275475	18782
275781	18779
276016	18751
276431	18715
276761	18669
277026	18654
277224	18600
278082	18565
278983	18548
279226	18412
280626	18399
280835	18356
281008	18347
281411	18248
282322	18230
282698	18189
284309	18120
284507	18066
285372	18055
286198	18049
286518	18026
287909	17946
288385	17849
289147	17827
290005	17792
291081	17742
291481	17667
293094	17592
296123	17585
296190	17410
297927	17408
298201	17370
298803	17325
298809	17305
298982	17296
299425	17285
299708	17259
300632	17160
301203	17108
301376	17099
302804	17077
302869	17067
303310	17014
304063	16999
305538	16974
306015	16870
306586	16818
306759	16809
308252	16777
308693	16724
309416	16702
310160	16641
311067	16517
311240	16508
312733	16476
313001	16432
313174	16423
314110	16375
314681	16323
314854	16314
316763	16305
316783	16291
317375	16290
317835	16285
317969	16273
318713	16212
319578	16198
320164	16127
321667	16087
321967	16076
322945	16056
323118	16047
323399	16002
324105	16001
324292	15996
324878	15925
326006	15872
326179	15863
327672	15831
328946	15828
328973	15816
329040	15800
329188	15762
329595	15736
329768	15727
330478	15698
331261	15695
331455	15673
332281	15647
332423	15637
333709	15601
334226	15586
334530	15521
335236	15520
336038	15495
337430	15486
337885	15466
338471	15395
339979	15369
340274	15344
341128	15240
341714	15169
344544	15114
345130	15043
348502	15037
348781	15026
349059	15004
349563	14974
351056	14942
351366	14923
352826	14889
353000	14878
353570	14828
354419	14739
356258	14685
356568	14603
357909	14572
358455	14566
358534	14479
359642	14406
361483	14351
363287	14299
363341	14288
363583	14280
363835	14230
364579	14169
366072	14137
366532	14121
367776	14104
368520	14043
370013	14011
370473	13995
371966	13963
381364	13952
381744	13936
381806	13869
384209	13857
384287	13779
384460	13770
385795	13753
385836	13734
386009	13725
387222	13645
388218	13534
390921	13527
391534	13501
392080	13495
392086	13469
392159	13408
395140	13379
395247	13327
396452	13308
397196	13247
398704	13221
399188	13201
402169	13172
406255	13138
406666	13101
407157	13014
408477	12991
408650	12982
413238	12962
413729	12875
415886	12860
417804	12844
418495	12817
418910	12797
419607	12793
419753	12763
422734	12734
424227	12726
424325	12651
425060	12626
428187	12612
428266	12525
428442	12495
430155	12426
431529	12416
431648	12394
434629	12365
436829	12334
437027	12280
440116	12279
441131	12260
441225	12257
444545	12237
446193	12204
446322	12182
446511	12113
448159	12080
450381	12044
452158	12029
452440	12014
453651	11997
453948	11988
456066	11951
459659	11938
460245	11867
462141	11853
463634	11821
467098	11784
468989	11746
470630	11714
470792	11695
471400	11638
472280	11562
473380	11547
473414	11524
474922	11498
475515	11437
477321	11421
477845	11413
478496	11408
479651	11397
489265	11360
489437	11345
489835	11299
492613	11220
493357	11159
496338	11130
498924	11128
500456	11059
503404	11018
506385	10989
506889	10977
509176	10974
509573	10960
509762	10903
510291	10890
510942	10885
513272	10861
519088	10820
520462	10814
521305	10780
521761	10776
522201	10775
522851	10762
525178	10745
525253	10728
525298	10713
525471	10704
526286	10687
527207	10664
527849	10635
530179	10611
536942	10604
537926	10589
540075	10551
540175	10550
541605	10541
542171	10532
542852	10517
543014	10498
543411	10496
544313	10486
545490	10475
548471	10446
557263	10431
558091	10422
558597	10419
560027	10410
560554	10377
561023	10373
561271	10285
563328	10280
565565	10248
567873	10240
569952	10219
570355	10217
571978	10209
573985	10203
574742	10188
575431	10166
577054	10158
579818	10137
590990	10128
592007	10122
594066	10080
596179	10012
598313	9994
603143	9987
607174	9982
608969	9929
612911	9928
613073	9909
625700	9908
626318	9891
626659	9884
628648	9867
646567	9859
647147	9799
651534	9770
655193	9767
656934	9760
