1.895140547949135653e+05 1.728671035940143920e+05 2.201500000000000000e+04
1.866917577761618304e+05 1.288546289689809928e+05 2.483405537097706110e+04
1.753551845025876828e+05 1.117207024087833997e+05 2.790876876538669967e+04
1.785178259337040363e+05 9.038351443730518804e+04 3.294101263945756364e+04
1.753795182483591198e+05 7.858595475595263997e+04 3.778680488589529705e+04
1.810545592888437968e+05 7.058274549057061085e+04 4.146611874081374845e+04
1.827669273644419736e+05 6.089684525817629037e+04 4.865888940669552539e+04
1.929090000000000000e+05 4.851225425284261291e+04 6.027825194479758648e+04
1.824700914509505383e+05 4.673979048469576810e+04 6.300487585516981198e+04
1.853315431366114935e+05 3.870611923541137367e+04 7.682533254316242528e+04
1.756616823445471819e+05 3.516157393158263585e+04 9.118233575913061213e+04
1.771101068125190213e+05 3.271553881798133443e+04 1.035514244850887189e+05
1.717101772568560555e+05 2.781916685591885835e+04 1.401159846420505492e+05
1.858513191032736795e+05 2.733000000000000000e+04 1.552531924670561857e+05
1.559599664713013917e+05 1.603960632664363657e+05 2.483759740497037274e+04
1.645208227639853139e+05 1.279950464619348495e+05 2.697242817260004085e+04
1.497475403013137984e+05 1.072681736022185214e+05 3.123857046268770864e+04
1.472127751167879323e+05 8.852048748902842635e+04 3.525092341271795158e+04
1.545264523867679527e+05 7.174215373453730717e+04 4.242677826184491278e+04
1.608354083791356534e+05 6.063091511882633495e+04 4.830604682557150227e+04
1.597054846117912093e+05 5.534042261429275095e+04 5.440761708892969182e+04
1.656501202952253516e+05 4.891341694259187352e+04 6.259532817469333531e+04
1.694552352383183897e+05 4.232197356876225967e+04 7.358859062683454249e+04
1.613513971084044897e+05 3.689391624794147356e+04 9.154751034831222205e+04
1.569252646951026109e+05 3.446251610278666340e+04 1.034348108291692624e+05
1.485689937735768035e+05 2.921530656602244562e+04 1.459658360925753368e+05
1.615178268083437579e+05 2.792396657573942139e+04 1.690671120187817141e+05
1.195127269868382718e+05 1.521562456267282250e+05 2.943789544243059208e+04
1.227189365583616309e+05 1.316429824082768755e+05 3.013754807803377844e+04
1.245879083912131755e+05 1.096557530627464730e+05 3.427577996775641805e+04
1.278831180414802366e+05 9.135032286854693666e+04 3.865637423125292116e+04
1.294750996811968798e+05 7.479359324450320855e+04 4.633648059253410611e+04
1.328670478992122225e+05 6.363127800584751094e+04 5.292562746169199818e+04
1.340624580706180423e+05 5.227681645061171002e+04 6.533270840888348903e+04
1.351901452804467408e+05 4.736450085979897995e+04 7.537918647683129529e+04
1.343368687674181419e+05 4.091889860690038768e+04 9.003319966088556976e+04
1.186767912497485231e+05 3.831120183542856830e+04 1.123189873710513057e+05
1.269623273122426326e+05 3.326769952768037911e+04 1.333422352953589871e+05
1.302397637854511413e+05 2.964046891960969515e+04 1.617034577459984284e+05
1.103542625259437918e+05 1.607249904988247145e+05 3.181027037582851699e+04
1.061039906301059673e+05 1.319917727718103561e+05 3.536755660191310744e+04
1.045057540845369367e+05 1.051990650486814993e+05 4.047656299393273366e+04
9.669138613869588880e+04 8.942107252608687850e+04 4.893779202820919454e+04
1.040981638428651786e+05 7.502715023762601777e+04 5.433074713796458673e+04
1.107750335465750977e+05 6.340173769286495371e+04 6.070801005453000835e+04
1.061399022886173334e+05 5.707274549510252837e+04 7.525332055932268850e+04
1.042587934036469233e+05 4.740882686870154430e+04 9.483143163654365344e+04
1.022318460582656553e+05 4.259889775036705396e+04 1.103166182570243982e+05
1.016378834788057720e+05 3.759606108978071279e+04 1.345627134275464923e+05
1.056754885756618751e+05 3.478923416109784739e+04 1.756710000000000000e+05
9.101847728304291377e+04 1.584376077722469054e+05 3.791224432688447996e+04
8.790456298500319826e+04 1.300433201068733906e+05 4.108424320091000118e+04
8.646132733046791691e+04 1.117099998997645453e+05 4.584603910629865277e+04
8.353352443850616692e+04 9.303942756675089186e+04 5.314535076893141377e+04
9.141519039999636880e+04 7.444339704292063834e+04 6.259426686671372590e+04
8.579573526897002012e+04 6.592241827191134507e+04 7.828526910213663359e+04
8.604732562391765532e+04 5.609426925590499741e+04 9.546611985271988669e+04
8.460357556115376065e+04 4.532049007862218423e+04 1.222028378966261225e+05
8.389161220716247044e+04 4.375990618787350832e+04 1.305357723761154775e+05
9.403679365766741103e+04 3.769867107107320771e+04 1.532269146235744411e+05
8.051613996284655877e+04 1.570410080874820706e+05 4.123818494668909989e+04
7.593054845386283705e+04 1.461392069485033862e+05 4.333796650662393949e+04
6.503825242041062302e+04 1.178124642946496024e+05 5.611429798652610771e+04
6.499352872528717853e+04 9.365257379015999322e+04 6.845785021005450108e+04
7.135642302974323684e+04 8.098264948899242154e+04 7.442642491027417418e+04
6.955198333641303179e+04 7.013822856937206234e+04 9.303724817491030262e+04
7.081165726043831091e+04 5.439361984155599202e+04 1.167625601709454058e+05
7.344855857151714736e+04 4.919151373565696122e+04 1.278742984512893163e+05
7.122214011649713211e+04 4.572748991160751757e+04 1.540255000450440857e+05
6.505593613516855112e+04 1.575812386093129753e+05 4.974363731714673486e+04
5.680036994338560908e+04 1.395950113944525365e+05 5.808243177934561390e+04
5.929012068031098897e+04 1.107067368569918617e+05 6.359773681698388827e+04
5.576117585926375614e+04 1.036606117698023445e+05 7.222276539017524919e+04
5.680386642830190976e+04 8.268587087433444685e+04 9.162290879250805301e+04
5.534504942307352030e+04 6.509830564191015583e+04 1.245701146450667584e+05
5.384001768437784631e+04 6.397287073771032738e+04 1.236088821479484322e+05
6.433688289385231474e+04 5.159799750690951623e+04 1.535446949748198094e+05
5.510394106768307392e+04 1.558462919293793384e+05 5.698654339065441309e+04
4.748893985879670072e+04 1.439339847663427354e+05 6.609357507497951156e+04
4.620731785035010398e+04 1.181647141859167750e+05 7.577569244023313513e+04
4.643422406551548193e+04 1.004902461351032689e+05 8.651055569925210148e+04
4.793319473334345093e+04 7.912688495754988980e+04 1.079691091835905390e+05
4.884207952140552516e+04 7.218010791866798536e+04 1.187564127767678001e+05
5.598852938593229192e+04 5.723943772092288418e+04 1.561974961252358917e+05
4.275480365480804176e+04 1.537942607449547504e+05 6.962584894153228379e+04
3.934066133104467735e+04 1.450794382860802580e+05 7.494034539389910060e+04
4.078760221586439002e+04 1.123629695632093208e+05 8.731380957361366018e+04
3.563314230274759757e+04 1.004010628789570183e+05 1.110301948626545927e+05
4.207059970718318073e+04 7.935041968587113661e+04 1.301974299966515828e+05
4.226636185894162918e+04 7.216019943790833349e+04 1.535017608348347130e+05
3.956719851421995554e+04 1.731420000000000000e+05 7.342491479866573354e+04
3.537673589394937153e+04 1.401028493345071911e+05 8.504503262342815287e+04
3.101915396850547040e+04 1.277204610247343080e+05 1.050589375925723289e+05
3.195339759120037343e+04 1.015294779006802564e+05 1.302721252429222659e+05
3.578817674214408908e+04 8.381271809509972809e+04 1.563096952608475112e+05
3.216083830078694155e+04 1.589761668368581159e+05 8.733577148659055820e+04
2.909979995001560383e+04 1.484405443993103690e+05 1.030417492333822302e+05
2.970543735970774651e+04 1.101628783660020417e+05 1.334648521780097508e+05
3.012702099623643153e+04 9.804157426534539263e+04 1.535918352801719448e+05
2.866853201944368629e+04 1.680506506097101665e+05 1.036535574726237537e+05
2.666174351247111554e+04 1.366520935119532805e+05 1.220174931546158914e+05
2.688607768649337231e+04 1.175161110424954386e+05 1.551671809430642170e+05
2.328255858267904841e+04 1.698080518273310736e+05 1.278109455271074985e+05
2.280201929003497571e+04 1.454296668802446220e+05 1.509264286558385065e+05
2.192300000000000000e+04 1.628714136665451515e+05 1.619393415833323379e+05
