MOTSP INSTANCE 1
X 1   Y 1   X 2   Y 2
0.180010 0.518021 0.314855 0.982513
0.664829 0.540552 0.885820 0.930796
0.444270 0.746442 0.246008 0.806862
0.128600 0.702101 0.850947 0.573355
0.428989 0.552777 0.381236 0.357450
0.666275 0.404974 0.732851 0.027624
0.663224 0.359063 0.743876 0.215752
0.257758 0.474503 0.647645 0.311668
0.636991 0.548856 0.290401 0.430318
0.164984 0.753953 0.596591 0.854265
0.959964 0.161425 0.189577 0.901357
0.090342 0.855377 0.945107 0.970216
0.961991 0.018405 0.517277 0.432280
0.932243 0.566494 0.768325 0.088438
0.343202 0.996921 0.269683 0.261346
0.669994 0.329856 0.923625 0.940594
0.295337 0.730628 0.479865 0.727041
0.157074 0.081824 0.621102 0.553340
0.164754 0.875937 0.963128 0.508373
0.297118 0.060826 0.273569 0.605066
0.309623 0.704275 0.085350 0.134338
0.307263 0.791316 0.073922 0.279577
0.567922 0.209948 0.093339 0.682128
0.999102 0.709524 0.077198 0.340245
0.695569 0.539713 0.602871 0.244349
0.449754 0.004079 0.160114 0.656382
0.297918 0.319249 0.816704 0.230830
0.757073 0.297009 0.761530 0.205349
0.848167 0.374606 0.803128 0.740616
0.974070 0.216832 0.603587 0.321672
0.851265 0.987510 0.946502 0.297051
0.827256 0.677648 0.546695 0.616288
0.226348 0.063538 0.511405 0.084525
0.173653 0.538256 0.466155 0.865275
0.377600 0.971389 0.225292 0.274657
0.431653 0.318760 0.483681 0.542456
0.770214 0.017661 0.765101 0.623539
0.985327 0.002922 0.196855 0.259120
0.811949 0.215427 0.990727 0.097365
0.315854 0.519304 0.462745 0.499245
0.097509 0.579585 0.355623 0.444734
0.690231 0.796518 0.668258 0.956195
0.142633 0.786497 0.637789 0.858486
0.979376 0.173856 0.414395 0.973979
0.700664 0.598808 0.837289 0.559593
0.120045 0.754118 0.277178 0.492304
0.540966 0.969212 0.596810 0.748697
0.832420 0.664997 0.915953 0.469906
0.550483 0.838377 0.578587 0.765757
0.291529 0.187325 0.363997 0.881373

MOTSP INSTANCE 2
X 1   Y 1   X 2   Y 2
0.682229 0.040789 0.438989 0.684778
0.166940 0.448918 0.700154 0.916806
0.711983 0.961936 0.421870 0.990964
0.124364 0.650044 0.418623 0.055724
0.254615 0.968429 0.669500 0.189295
0.900158 0.828059 0.884609 0.029618
0.643606 0.895816 0.053503 0.931736
0.228578 0.001739 0.783755 0.655195
0.342990 0.021701 0.814875 0.290489
0.746975 0.263987 0.019376 0.278473
0.208148 0.983549 0.941196 0.845022
0.064128 0.538763 0.497488 0.202367
0.249729 0.465388 0.413068 0.332982
0.930351 0.405583 0.452000 0.351688
0.386266 0.591475 0.645891 0.478868
0.127097 0.749878 0.461659 0.868754
0.070646 0.681200 0.430925 0.201735
0.972548 0.331107 0.140480 0.704099
0.304455 0.014905 0.136782 0.470391
0.577702 0.509539 0.781412 0.972564
0.803056 0.066096 0.974425 0.832185
0.342846 0.337201 0.265549 0.896629
0.524859 0.313589 0.478049 0.444932
0.678163 0.927748 0.419902 0.319174
0.532537 0.260603 0.937844 0.487400
0.457620 0.258021 0.175068 0.328898
0.150313 0.121962 0.811164 0.966165
0.295238 0.251712 0.417035 0.679395
0.273779 0.630832 0.433371 0.806403
0.820136 0.401558 0.269116 0.886689
0.420833 0.083412 0.858100 0.841269
0.269950 0.084843 0.084356 0.404556
0.257457 0.109557 0.977492 0.208272
0.527653 0.996331 0.566927 0.986347
0.232988 0.032414 0.076287 0.038827
0.455873 0.166660 0.464264 0.512932
0.589415 0.658325 0.258186 0.539133
0.514587 0.085446 0.238878 0.967000
0.565030 0.642803 0.597373 0.861950
0.877685 0.877673 0.466250 0.849404
0.972272 0.290619 0.321773 0.875017
0.752042 0.583549 0.900029 0.294289
0.042522 0.054214 0.050242 0.643357
0.730917 0.104523 0.029141 0.068625
0.723150 0.986580 0.777566 0.527426
0.486576 0.236322 0.279695 0.865348
0.453559 0.574669 0.307159 0.595422
0.731077 0.801424 0.113502 0.663311
0.668235 0.600948 0.336620 0.385379
0.392297 0.692228 0.368888 0.439107

MOTSP INSTANCE 3
X 1   Y 1   X 2   Y 2
0.428392 0.699173 0.203706 0.820357
0.831261 0.996524 0.469926 0.552063
0.646017 0.585391 0.941266 0.953478
0.133220 0.922300 0.728951 0.384086
0.698762 0.291926 0.589579 0.823704
0.141152 0.365745 0.034460 0.701681
0.102465 0.313256 0.248229 0.148732
0.756338 0.856508 0.070016 0.945001
0.537498 0.196570 0.503360 0.127128
0.361039 0.175020 0.778392 0.200365
0.395808 0.345557 0.979039 0.920908
0.866633 0.204237 0.168560 0.496787
0.336831 0.289666 0.929562 0.336880
0.811078 0.322017 0.502713 0.725890
0.116738 0.298331 0.368271 0.024729
0.713654 0.953782 0.562255 0.403635
0.913992 0.036793 0.982923 0.192373
0.446363 0.843263 0.166183 0.201159
0.142083 0.133746 0.699048 0.248233
0.870391 0.995495 0.296938 0.253628
0.625879 0.659749 0.998076 0.501867
0.792161 0.099464 0.807457 0.412188
0.472067 0.599055 0.040794 0.932754
0.088062 0.296734 0.787844 0.538332
0.366718 0.769845 0.239217 0.385898
0.682809 0.863782 0.259600 0.338758
0.303094 0.347528 0.786072 0.753591
0.158199 0.103152 0.992641 0.379825
0.412876 0.380427 0.075271 0.672552
0.401865 0.465331 0.476403 0.452681
0.939911 0.836554 0.447924 0.502709
0.267199 0.891620 0.886270 0.605308
0.336648 0.965015 0.547899 0.710126
0.669222 0.325824 0.961790 0.525058
0.310281 0.261084 0.891280 0.429566
0.333427 0.953078 0.305807 0.639631
0.474332 0.146858 0.091641 0.867273
0.132051 0.645953 0.795215 0.630645
0.607694 0.925533 0.305150 0.495114
0.854672 0.852950 0.125624 0.558111
0.748860 0.250031 0.012346 0.056998
0.160065 0.126541 0.241910 0.761092
0.012550 0.338002 0.196386 0.404936
0.460264 0.008258 0.294281 0.632884
0.787777 0.373828 0.891715 0.404260
0.738331 0.041908 0.604734 0.890520
0.399179 0.256742 0.539382 0.333416
0.361026 0.423122 0.993053 0.092227
0.676223 0.906457 0.885927 0.885208
0.854996 0.311289 0.196703 0.397246

MOTSP INSTANCE 4
X 1   Y 1   X 2   Y 2
0.338766 0.280656 0.751528 0.315109
0.502468 0.975655 0.332191 0.127627
0.563829 0.374923 0.955362 0.928682
0.847026 0.409217 0.140967 0.067373
0.731583 0.781791 0.221345 0.974556
0.900478 0.085454 0.895931 0.683580
0.695556 0.113842 0.990445 0.129471
0.195179 0.892276 0.205101 0.719208
0.716975 0.406320 0.231315 0.670964
0.687123 0.308748 0.368174 0.060882
0.760996 0.764029 0.175757 0.566274
0.156853 0.184900 0.523592 0.562614
0.620436 0.029678 0.981803 0.680202
0.974603 0.214630 0.076432 0.954083
0.983967 0.932247 0.181059 0.450716
0.152072 0.322791 0.710930 0.992866
0.696086 0.407100 0.592028 0.696688
0.870310 0.697451 0.498395 0.811868
0.432530 0.964423 0.198785 0.377652
0.122190 0.049041 0.025184 0.514493
0.402128 0.532779 0.433046 0.021164
0.928516 0.402052 0.740368 0.803208
0.263010 0.293184 0.736334 0.851803
0.575940 0.413334 0.199190 0.006090
0.027588 0.952085 0.052243 0.064862
0.775166 0.719572 0.683389 0.983217
0.755561 0.451799 0.049893 0.501588
0.266255 0.863049 0.614978 0.800921
0.926069 0.208057 0.778176 0.133730
0.655111 0.482500 0.290599 0.225607
0.911076 0.618663 0.842712 0.114541
0.556107 0.643232 0.499233 0.262963
0.067560 0.559402 0.873658 0.411775
0.802354 0.099748 0.507057 0.330601
0.807168 0.623403 0.136818 0.848644
0.903535 0.964939 0.514776 0.131016
0.356023 0.608914 0.913870 0.457199
0.830537 0.829167 0.015045 0.027445
0.447958 0.979974 0.808782 0.269430
0.601206 0.579036 0.483402 0.149146
0.922807 0.867590 0.096612 0.896050
0.886298 0.209187 0.417672 0.411764
0.816396 0.030997 0.516320 0.916772
0.749564 0.616284 0.926089 0.345622
0.506058 0.650749 0.983111 0.644035
0.860660 0.827075 0.670717 0.944098
0.727851 0.591251 0.993897 0.765059
0.249880 0.662149 0.406923 0.838319
0.513278 0.681564 0.909343 0.994733
0.235677 0.366651 0.766233 0.804331

MOTSP INSTANCE 5
X 1   Y 1   X 2   Y 2
0.452244 0.821401 0.001570 0.561788
0.268341 0.843203 0.775411 0.606280
0.475667 0.707001 0.790406 0.751524
0.640337 0.275555 0.515565 0.853999
0.011671 0.323538 0.184263 0.778615
0.820687 0.713373 0.220120 0.181462
0.115221 0.756464 0.148670 0.901634
0.024958 0.225908 0.714944 0.340543
0.173607 0.133980 0.303409 0.385471
0.070978 0.864616 0.985728 0.833998
0.831461 0.396697 0.659797 0.389162
0.964582 0.779176 0.121009 0.127473
0.484270 0.693575 0.509455 0.369170
0.851676 0.088159 0.283483 0.767343
0.625310 0.322799 0.994664 0.701011
0.058365 0.821915 0.246760 0.904601
0.479168 0.360289 0.357023 0.027843
0.321142 0.349709 0.524605 0.475187
0.898439 0.375370 0.246337 0.570675
0.999054 0.772734 0.116217 0.440117
0.264159 0.744834 0.213747 0.122822
0.660795 0.170002 0.219618 0.542068
0.420614 0.545386 0.435676 0.722692
0.611298 0.939830 0.425820 0.829514
0.104191 0.483148 0.054207 0.516331
0.558068 0.365236 0.770807 0.680880
0.831111 0.638144 0.833609 0.835616
0.767853 0.974326 0.242044 0.472805
0.126114 0.236324 0.527414 0.302667
0.273526 0.880775 0.846587 0.072590
0.427607 0.131219 0.553657 0.124882
0.242122 0.550278 0.281726 0.297300
0.173844 0.839546 0.111894 0.070709
0.412331 0.580349 0.314994 0.710501
0.809727 0.910024 0.488627 0.829263
0.419853 0.490960 0.275465 0.119771
0.156678 0.538729 0.389840 0.708276
0.571789 0.095551 0.883563 0.173031
0.173821 0.964458 0.844864 0.008745
0.594801 0.189888 0.554859 0.032437
0.818124 0.781663 0.386157 0.892629
0.821939 0.573056 0.443170 0.357810
0.985106 0.327352 0.458485 0.843683
0.910304 0.391159 0.396892 0.629846
0.067197 0.248682 0.203098 0.833406
0.823995 0.242375 0.286372 0.646798
0.757914 0.588781 0.271711 0.425366
0.229220 0.997763 0.164597 0.707454
0.982797 0.255722 0.417269 0.949990
0.674636 0.387939 0.468328 0.428721

MOTSP INSTANCE 6
X 1   Y 1   X 2   Y 2
0.983997 0.149504 0.399858 0.389705
0.592765 0.004330 0.871960 0.090471
0.392535 0.255104 0.353652 0.045744
0.138589 0.185564 0.179262 0.502579
0.620785 0.527292 0.989320 0.089455
0.148236 0.825280 0.497731 0.234966
0.410836 0.808010 0.815892 0.408054
0.693626 0.082995 0.828026 0.675117
0.747272 0.669027 0.448560 0.952067
0.424888 0.193803 0.624133 0.939793
0.191445 0.516874 0.592636 0.760564
0.771345 0.319267 0.507364 0.765827
0.547714 0.590617 0.104880 0.518888
0.193826 0.857682 0.016276 0.286250
0.922496 0.220686 0.869268 0.995865
0.548552 0.668946 0.528908 0.562674
0.687708 0.577843 0.904369 0.172700
0.308236 0.928195 0.635697 0.985673
0.650940 0.888816 0.486082 0.480762
0.743039 0.053176 0.695874 0.733360
0.187400 0.862038 0.336871 0.558442
0.080935 0.510734 0.806612 0.617822
0.100903 0.181253 0.776924 0.676849
0.220057 0.093898 0.706250 0.453572
0.374725 0.234503 0.924591 0.673806
0.225900 0.041135 0.065181 0.797840
0.244775 0.597576 0.092710 0.330486
0.033621 0.328517 0.383539 0.593201
0.264919 0.759803 0.187465 0.248466
0.468339 0.298201 0.278354 0.833494
0.813597 0.793454 0.694096 0.004053
0.231842 0.234559 0.171179 0.074168
0.070203 0.116952 0.245357 0.026482
0.856515 0.310586 0.093168 0.311241
0.089649 0.432231 0.969006 0.936437
0.749414 0.652370 0.926528 0.093923
0.636138 0.312330 0.309245 0.393785
0.951929 0.307321 0.904828 0.993300
0.632778 0.062203 0.231451 0.923472
0.118520 0.995275 0.766335 0.107793
0.341418 0.253404 0.631512 0.564137
0.604788 0.987515 0.252923 0.300035
0.687781 0.288093 0.479735 0.653827
0.614809 0.373039 0.890882 0.681366
0.439222 0.707992 0.033243 0.009827
0.095417 0.312326 0.803371 0.292689
0.794041 0.552303 0.007083 0.704114
0.921955 0.700471 0.498350 0.522333
0.717015 0.443097 0.646818 0.535549
0.969887 0.596549 0.172147 0.510427

MOTSP INSTANCE 7
X 1   Y 1   X 2   Y 2
0.603689 0.938807 0.072276 0.764481
0.009684 0.101478 0.033938 0.371610
0.324883 0.490686 0.370450 0.770859
0.404079 0.496168 0.192785 0.862460
0.541905 0.325320 0.716884 0.058769
0.660066 0.997832 0.950208 0.996042
0.162632 0.337972 0.830766 0.899073
0.523261 0.981351 0.592696 0.950669
0.625023 0.123710 0.511166 0.254175
0.228561 0.632181 0.329912 0.130383
0.197792 0.569955 0.342494 0.376231
0.018198 0.404877 0.753994 0.891852
0.686424 0.126420 0.562517 0.191954
0.482385 0.625528 0.277796 0.095277
0.303198 0.219010 0.158026 0.955849
0.786087 0.171626 0.691909 0.713739
0.260191 0.542889 0.408927 0.561170
0.910733 0.596150 0.727365 0.410532
0.667861 0.044816 0.265442 0.445244
0.664019 0.215405 0.013904 0.575555
0.283071 0.918457 0.885481 0.636861
0.818881 0.131153 0.691266 0.387765
0.842196 0.094552 0.248851 0.000057
0.051503 0.019571 0.722267 0.637458
0.383375 0.650671 0.948469 0.912697
0.631295 0.464560 0.929003 0.385562
0.581165 0.171897 0.146164 0.380596
0.156826 0.192209 0.912173 0.884613
0.166476 0.717479 0.734936 0.657320
0.804556 0.743445 0.588072 0.788980
0.622243 0.392793 0.701379 0.141725
0.722237 0.565791 0.702442 0.839654
0.383189 0.856020 0.164623 0.207673
0.083371 0.145544 0.180372 0.023855
0.303819 0.780847 0.496710 0.128652
0.104807 0.672857 0.400810 0.801447
0.189632 0.492027 0.461888 0.878196
0.059626 0.148788 0.374396 0.321957
0.467049 0.643519 0.006668 0.621320
0.034889 0.373686 0.466471 0.590858
0.191261 0.659631 0.638537 0.210849
0.504607 0.595172 0.657831 0.675232
0.739018 0.031528 0.652390 0.475230
0.354705 0.773943 0.854428 0.038643
0.277623 0.919514 0.843097 0.506315
0.342191 0.450441 0.671449 0.470090
0.827530 0.980614 0.857393 0.012222
0.500475 0.645672 0.095105 0.576993
0.361268 0.392547 0.143493 0.708810
0.118684 0.512195 0.050606 0.334219

MOTSP INSTANCE 8
X 1   Y 1   X 2   Y 2
0.861437 0.479499 0.786537 0.867488
0.457419 0.669032 0.953706 0.814272
0.844287 0.588285 0.127462 0.688953
0.574885 0.261910 0.078723 0.536829
0.714072 0.836593 0.830396 0.250287
0.691465 0.373702 0.205229 0.245065
0.084910 0.708324 0.648364 0.454263
0.039966 0.024636 0.430113 0.887191
0.697887 0.499745 0.884934 0.684377
0.694493 0.691909 0.424694 0.612648
0.862387 0.064516 0.940796 0.397524
0.444369 0.463898 0.630540 0.474670
0.557052 0.880453 0.647914 0.104427
0.140711 0.883997 0.867860 0.026116
0.011645 0.754779 0.241639 0.796618
0.800753 0.891002 0.928787 0.142452
0.360698 0.958190 0.887364 0.881409
0.197234 0.793566 0.828932 0.854875
0.254251 0.623899 0.764139 0.290776
0.483232 0.070253 0.731052 0.680793
0.808679 0.911464 0.253973 0.897317
0.256272 0.724297 0.388746 0.102300
0.867694 0.693775 0.512770 0.055227
0.750894 0.703964 0.678846 0.598567
0.080393 0.238524 0.766372 0.633981
0.816742 0.451892 0.552223 0.429520
0.346626 0.875488 0.009669 0.472342
0.927788 0.312974 0.932249 0.502354
0.136140 0.209967 0.277432 0.483368
0.845205 0.525096 0.649794 0.251200
0.332672 0.483227 0.436480 0.554927
0.442088 0.513379 0.783127 0.675903
0.700969 0.332556 0.657735 0.638709
0.494044 0.500258 0.300135 0.505305
0.944691 0.560418 0.969958 0.711983
0.348380 0.046973 0.307322 0.011311
0.584147 0.329450 0.136145 0.681874
0.855465 0.666982 0.987400 0.107161
0.363790 0.220981 0.576840 0.085953
0.550574 0.029887 0.123614 0.848151
0.924951 0.424249 0.096831 0.134075
0.314967 0.064959 0.250151 0.161580
0.291515 0.677728 0.241233 0.063797
0.483535 0.488178 0.867447 0.375355
0.757605 0.429454 0.765807 0.850382
0.462570 0.150858 0.044799 0.694962
0.081088 0.938497 0.485613 0.091490
0.628185 0.573081 0.422594 0.222810
0.494016 0.989326 0.128527 0.065202
0.394115 0.448307 0.689824 0.420851

MOTSP INSTANCE 9
X 1   Y 1   X 2   Y 2
0.491130 0.091715 0.522205 0.287528
0.348549 0.129673 0.041105 0.795867
0.863778 0.261748 0.214767 0.196480
0.853897 0.503888 0.045616 0.305819
0.620754 0.576030 0.176100 0.734411
0.275537 0.640024 0.697044 0.792387
0.812170 0.720364 0.292316 0.076088
0.380849 0.490231 0.801905 0.772970
0.871393 0.683100 0.401188 0.281955
0.834703 0.397581 0.499968 0.571924
0.430435 0.959872 0.730637 0.718185
0.233015 0.447609 0.776079 0.763997
0.841675 0.196735 0.493049 0.661385
0.273288 0.279532 0.666821 0.363757
0.231357 0.586651 0.630373 0.964154
0.218688 0.039085 0.443153 0.060858
0.527700 0.290153 0.560489 0.416476
0.341220 0.743001 0.344723 0.073635
0.083973 0.113446 0.571213 0.241487
0.491595 0.140808 0.621199 0.396990
0.418385 0.532323 0.106001 0.557381
0.187522 0.659059 0.547386 0.941203
0.362210 0.899584 0.880555 0.311309
0.104330 0.074576 0.668498 0.910413
0.009999 0.294400 0.797664 0.193622
0.180648 0.513553 0.979382 0.273884
0.090594 0.586240 0.814073 0.019998
0.380733 0.973378 0.116118 0.604760
0.880776 0.948793 0.920764 0.155649
0.154879 0.411496 0.846394 0.950945
0.757246 0.530857 0.011270 0.898537
0.691919 0.320391 0.658382 0.662279
0.436922 0.596229 0.240018 0.080640
0.545072 0.653882 0.124552 0.586137
0.241672 0.966135 0.695844 0.313441
0.474375 0.386907 0.358837 0.648478
0.522060 0.313132 0.294178 0.657476
0.354279 0.723246 0.417194 0.180586
0.644600 0.994253 0.402223 0.192206
0.639685 0.271970 0.822583 0.112211
0.453865 0.813129 0.625469 0.250248
0.635001 0.023681 0.721394 0.256547
0.417160 0.179688 0.267021 0.860810
0.373635 0.478254 0.616783 0.200148
0.159826 0.703848 0.035670 0.653420
0.732415 0.968480 0.768377 0.818016
0.660996 0.808697 0.740695 0.021425
0.018634 0.064171 0.215450 0.287965
0.230442 0.915397 0.460151 0.730157
0.587288 0.439223 0.048039 0.988186

MOTSP INSTANCE 10
X 1   Y 1   X 2   Y 2
0.966946 0.416258 0.195295 0.312024
0.598340 0.288714 0.835998 0.273256
0.374227 0.942205 0.919690 0.829885
0.932268 0.832691 0.215890 0.535379
0.429781 0.980222 0.091034 0.507533
0.399385 0.688922 0.830899 0.040395
0.433552 0.611788 0.515641 0.567943
0.516056 0.257454 0.493991 0.397776
0.853471 0.288495 0.726658 0.601655
0.539074 0.465620 0.485383 0.929643
0.923460 0.533565 0.805896 0.425365
0.508955 0.446542 0.076266 0.075875
0.949599 0.629538 0.674420 0.688021
0.849957 0.021254 0.556763 0.954742
0.803076 0.860687 0.013529 0.208929
0.316641 0.088075 0.828285 0.470155
0.849132 0.411802 0.329732 0.477904
0.902011 0.625844 0.502885 0.366679
0.934522 0.386184 0.879783 0.676886
0.947416 0.430567 0.345335 0.481477
0.377699 0.863257 0.065364 0.514136
0.896624 0.711852 0.502299 0.621754
0.010198 0.413130 0.666341 0.450280
0.328104 0.497312 0.951200 0.695372
0.876249 0.470739 0.338814 0.472376
0.102226 0.957515 0.015156 0.847168
0.953155 0.815296 0.543177 0.954829
0.236341 0.461364 0.993812 0.181715
0.718385 0.413625 0.776777 0.057332
0.473886 0.696311 0.315702 0.881408
0.529305 0.116636 0.869513 0.390135
0.256691 0.312619 0.246558 0.523182
0.418584 0.040598 0.313312 0.983650
0.596638 0.715113 0.313201 0.114923
0.401160 0.599619 0.578867 0.693912
0.352737 0.900212 0.175631 0.185318
0.623833 0.879322 0.185409 0.148394
0.843975 0.131853 0.250214 0.469071
0.146225 0.294923 0.335718 0.249566
0.211751 0.480257 0.327115 0.727300
0.884393 0.567710 0.032715 0.649771
0.963907 0.068222 0.269768 0.211638
0.237739 0.161153 0.444983 0.945791
0.979371 0.027795 0.461892 0.954584
0.910089 0.553322 0.099309 0.577299
0.337379 0.522386 0.410723 0.581220
0.043331 0.286654 0.210971 0.315256
0.295690 0.456488 0.066670 0.707762
0.555312 0.313262 0.461556 0.421030
0.288922 0.305766 0.529155 0.560686

MOTSP INSTANCE 11
X 1   Y 1   X 2   Y 2
0.296409 0.100556 0.524431 0.196958
0.941918 0.374432 0.406986 0.543611
0.386586 0.433014 0.380401 0.407724
0.564057 0.989085 0.503772 0.996621
0.799165 0.835053 0.543443 0.980412
0.406608 0.927431 0.565824 0.084801
0.670312 0.358726 0.228356 0.053433
0.055139 0.039991 0.981483 0.552556
0.978071 0.370010 0.637713 0.455823
0.414891 0.117183 0.902805 0.076755
0.233277 0.515373 0.423829 0.162284
0.086682 0.050885 0.326176 0.619192
0.092429 0.261405 0.973641 0.737780
0.606421 0.708955 0.014820 0.213466
0.030789 0.726732 0.671394 0.738370
0.292994 0.434876 0.890755 0.306844
0.142054 0.209033 0.084293 0.102578
0.748994 0.400817 0.811503 0.363272
0.896470 0.203170 0.324379 0.743743
0.305559 0.498733 0.490642 0.503191
0.254499 0.410227 0.116329 0.505843
0.045700 0.118903 0.177491 0.225040
0.471967 0.640110 0.080839 0.142763
0.602903 0.768503 0.515124 0.814687
0.542488 0.424333 0.126730 0.726130
0.621355 0.171208 0.935279 0.566152
0.328862 0.318043 0.432392 0.203956
0.108565 0.469874 0.867974 0.381015
0.802285 0.884501 0.201316 0.203571
0.518312 0.977996 0.898126 0.021027
0.132625 0.003248 0.672948 0.156738
0.130968 0.645370 0.870599 0.804964
0.201197 0.507121 0.412341 0.485465
0.089220 0.731627 0.732615 0.770363
0.102875 0.435007 0.870662 0.827602
0.024769 0.143642 0.781455 0.496899
0.055760 0.905041 0.069184 0.078829
0.986945 0.149615 0.369990 0.541716
0.666049 0.450863 0.787723 0.418890
0.099552 0.706384 0.159003 0.666838
0.181144 0.460756 0.551703 0.237051
0.870018 0.805253 0.002864 0.091397
0.676570 0.632837 0.338835 0.040040
0.597930 0.381892 0.133869 0.187050
0.042676 0.833316 0.436341 0.476906
0.085427 0.601769 0.549275 0.282930
0.606180 0.834129 0.187362 0.365424
0.443178 0.614323 0.726307 0.667327
0.348712 0.172047 0.415402 0.406761
0.755477 0.760517 0.449666 0.423175

MOTSP INSTANCE 12
X 1   Y 1   X 2   Y 2
0.889806 0.113077 0.178921 0.650207
0.832547 0.853628 0.880767 0.710983
0.107415 0.177297 0.257129 0.043690
0.535625 0.229501 0.116658 0.071844
0.068311 0.679401 0.127578 0.409974
0.599798 0.620732 0.939277 0.484410
0.160582 0.488640 0.280684 0.281498
0.871513 0.288484 0.529611 0.513821
0.483962 0.303889 0.123201 0.448657
0.539948 0.753665 0.938711 0.718632
0.326554 0.618107 0.978175 0.305426
0.595156 0.787432 0.615154 0.831518
0.151345 0.282285 0.295385 0.504484
0.307419 0.711120 0.256306 0.209319
0.747422 0.878183 0.438713 0.035020
0.900531 0.041568 0.899403 0.395977
0.376464 0.502527 0.957312 0.594548
0.351117 0.059240 0.283548 0.060731
0.492150 0.824546 0.710624 0.275290
0.077634 0.742745 0.733835 0.972447
0.209096 0.043297 0.067662 0.037042
0.779586 0.616971 0.278895 0.968673
0.429366 0.347688 0.136630 0.557997
0.922666 0.428116 0.592867 0.562124
0.847034 0.721481 0.461776 0.289725
0.458702 0.242010 0.351325 0.030655
0.345799 0.913392 0.500831 0.556194
0.218293 0.995441 0.999662 0.919951
0.241236 0.240247 0.002776 0.530888
0.304365 0.030038 0.746237 0.501409
0.923062 0.715326 0.297181 0.730849
0.595271 0.782850 0.446050 0.580095
0.934023 0.482819 0.587518 0.924112
0.976425 0.285366 0.010852 0.055533
0.880274 0.597950 0.534159 0.969727
0.287736 0.090747 0.935000 0.356242
0.238348 0.221141 0.573507 0.373272
0.030942 0.882224 0.767419 0.259862
0.895256 0.033636 0.129374 0.946738
0.329773 0.246537 0.992136 0.704976
0.181099 0.686653 0.339801 0.216118
0.250343 0.754250 0.234435 0.353823
0.868320 0.633605 0.920724 0.462409
0.855538 0.143798 0.598306 0.463603
0.296999 0.973479 0.230630 0.925057
0.306092 0.835592 0.445286 0.676212
0.348333 0.166554 0.863296 0.117347
0.433947 0.442383 0.891803 0.940455
0.464730 0.871731 0.364758 0.702512
0.781897 0.129789 0.579059 0.567636

MOTSP INSTANCE 13
X 1   Y 1   X 2   Y 2
0.996030 0.686728 0.475422 0.611309
0.372021 0.488041 0.063570 0.431663
0.207138 0.867853 0.729303 0.802023
0.643629 0.877648 0.557595 0.938963
0.532650 0.994195 0.776956 0.414013
0.438780 0.252938 0.155174 0.825703
0.798553 0.677939 0.125733 0.201879
0.878525 0.566435 0.958242 0.240034
0.155081 0.444102 0.453440 0.937969
0.313984 0.929887 0.618644 0.631756
0.411715 0.691632 0.731850 0.786017
0.549446 0.745537 0.100962 0.386498
0.587073 0.611593 0.732693 0.153990
0.807853 0.545731 0.040125 0.389902
0.035437 0.381841 0.535425 0.973218
0.678270 0.611194 0.270171 0.039218
0.854536 0.584095 0.833235 0.705624
0.964276 0.430270 0.159598 0.325193
0.963728 0.627798 0.178470 0.766990
0.653864 0.485118 0.505593 0.995871
0.220193 0.989886 0.066302 0.086698
0.990592 0.213625 0.907038 0.138061
0.384771 0.225702 0.425216 0.892407
0.432232 0.763465 0.152473 0.814647
0.145299 0.504561 0.161418 0.611821
0.494689 0.015910 0.076780 0.554069
0.324118 0.133707 0.763249 0.172199
0.164264 0.777715 0.275876 0.126405
0.301472 0.016447 0.413283 0.460486
0.324972 0.217392 0.318014 0.698922
0.309357 0.899131 0.300395 0.051603
0.081560 0.824849 0.495145 0.420737
0.002218 0.680096 0.048315 0.547814
0.639558 0.850800 0.204799 0.054033
0.392894 0.091788 0.412346 0.459096
0.986393 0.256165 0.229416 0.479050
0.951252 0.770519 0.084901 0.335032
0.714357 0.381451 0.452756 0.116534
0.474331 0.763386 0.176691 0.054377
0.449240 0.708949 0.243649 0.220190
0.007156 0.409561 0.579674 0.520219
0.707147 0.811751 0.652506 0.415872
0.018745 0.469930 0.292064 0.806704
0.024020 0.535767 0.499729 0.949627
0.429883 0.638787 0.295891 0.779616
0.086202 0.276714 0.896986 0.965855
0.808055 0.213166 0.694044 0.059136
0.492895 0.821770 0.791319 0.089714
0.316658 0.133613 0.680885 0.992049
0.438740 0.314237 0.130076 0.860617

MOTSP INSTANCE 14
X 1   Y 1   X 2   Y 2
0.427782 0.409484 0.201935 0.607838
0.342007 0.568221 0.354473 0.161351
0.185392 0.375662 0.620510 0.813977
0.228067 0.436608 0.458698 0.209272
0.510991 0.396823 0.911924 0.051304
0.354030 0.511131 0.826432 0.634620
0.518015 0.253203 0.322509 0.531625
0.965427 0.505538 0.607012 0.278027
0.581155 0.029198 0.114643 0.190331
0.822017 0.206781 0.431895 0.467616
0.663344 0.059680 0.450306 0.921822
0.570755 0.882727 0.689363 0.749684
0.639853 0.616670 0.904375 0.525235
0.909953 0.777036 0.993438 0.602381
0.604159 0.529417 0.167319 0.962656
0.489214 0.098370 0.861497 0.848892
0.344235 0.326649 0.848913 0.559760
0.063755 0.612004 0.773203 0.006867
0.233560 0.432372 0.539218 0.788921
0.781250 0.953642 0.464026 0.930332
0.402504 0.584701 0.305494 0.916192
0.557835 0.002333 0.485413 0.570391
0.695093 0.819502 0.047936 0.460110
0.040016 0.308476 0.054512 0.851053
0.059499 0.598930 0.888196 0.128675
0.431345 0.887592 0.735587 0.165315
0.282254 0.939004 0.184332 0.955862
0.898378 0.645430 0.422234 0.009486
0.822001 0.578470 0.360816 0.080022
0.471525 0.924602 0.720520 0.363532
0.014245 0.269511 0.160050 0.666178
0.396926 0.437904 0.787115 0.572927
0.035114 0.565271 0.503194 0.468233
0.361840 0.738696 0.544318 0.021834
0.407127 0.372154 0.226516 0.543788
0.844238 0.126396 0.556415 0.474386
0.195512 0.776866 0.796922 0.739834
0.096055 0.570376 0.650918 0.020575
0.980845 0.325265 0.487225 0.759026
0.689862 0.716585 0.909787 0.113479
0.663129 0.990924 0.541677 0.540642
0.349276 0.493274 0.892121 0.472298
0.648610 0.158036 0.455376 0.151469
0.133596 0.205604 0.416018 0.861929
0.826777 0.653530 0.288174 0.658462
0.390003 0.988328 0.532235 0.812767
0.575818 0.492582 0.058622 0.018268
0.448811 0.973477 0.262954 0.459645
0.323144 0.608707 0.390186 0.836098
0.127748 0.875525 0.731694 0.820984

MOTSP INSTANCE 15
X 1   Y 1   X 2   Y 2
0.568684 0.083888 0.480779 0.819340
0.240637 0.144190 0.815036 0.758683
0.361318 0.805306 0.040807 0.821487
0.937107 0.859225 0.364736 0.897663
0.265040 0.109761 0.162598 0.224624
0.993969 0.264315 0.047359 0.309613
0.664708 0.791033 0.275940 0.021064
0.835695 0.805950 0.119610 0.396751
0.049813 0.862526 0.300260 0.450887
0.597355 0.246645 0.740763 0.935901
0.837564 0.447155 0.418039 0.268300
0.777943 0.634505 0.094888 0.034029
0.324461 0.037501 0.086943 0.298190
0.711814 0.305497 0.985686 0.600353
0.687431 0.792119 0.580147 0.849993
0.290251 0.480751 0.959807 0.331667
0.697549 0.566936 0.827902 0.281192
0.148249 0.681087 0.513067 0.211424
0.748403 0.267659 0.816373 0.782196
0.042722 0.737113 0.318449 0.774956
0.370403 0.168699 0.023098 0.060639
0.000324 0.299716 0.578012 0.042025
0.408354 0.311707 0.056405 0.260878
0.290390 0.298433 0.441844 0.550947
0.494073 0.478788 0.945738 0.999472
0.173824 0.319120 0.091491 0.374126
0.113173 0.860649 0.039605 0.307881
0.408567 0.534516 0.188215 0.897064
0.009150 0.179635 0.116182 0.637615
0.308060 0.745505 0.022435 0.614319
0.428904 0.551671 0.613491 0.560565
0.293270 0.365325 0.476782 0.265414
0.473190 0.928623 0.563598 0.068889
0.179831 0.145953 0.268581 0.063901
0.633086 0.254790 0.587319 0.821825
0.235524 0.716772 0.504432 0.433421
0.157395 0.631402 0.022132 0.970661
0.232579 0.377577 0.094197 0.274171
0.640828 0.713814 0.030091 0.284048
0.340226 0.247019 0.714928 0.975422
0.677272 0.159036 0.978299 0.769563
0.514724 0.563840 0.948118 0.515780
0.628217 0.368170 0.145953 0.718822
0.811164 0.148443 0.606216 0.493424
0.775432 0.215162 0.339262 0.620348
0.658981 0.354441 0.821151 0.708606
0.782427 0.496831 0.522271 0.600073
0.103392 0.029585 0.926002 0.019582
0.327531 0.323664 0.521269 0.869433
0.628778 0.689278 0.495919 0.637123

MOTSP INSTANCE 16
X 1   Y 1   X 2   Y 2
0.235925 0.880036 0.731548 0.423686
0.034105 0.347680 0.032172 0.501600
0.611511 0.550308 0.074626 0.586527
0.291746 0.858167 0.292151 0.088020
0.362989 0.229242 0.842323 0.001927
0.252538 0.632854 0.565468 0.773860
0.907559 0.377612 0.080666 0.816603
0.592446 0.509134 0.373972 0.720167
0.929903 0.073330 0.592524 0.639901
0.995635 0.182401 0.218794 0.610653
0.552595 0.802443 0.809130 0.892918
0.119941 0.517369 0.903590 0.643061
0.972672 0.864744 0.864093 0.307810
0.488409 0.257609 0.090236 0.222900
0.085396 0.487947 0.223946 0.068343
0.556203 0.347824 0.732328 0.209618
0.030264 0.713660 0.122316 0.127618
0.077183 0.149892 0.301655 0.201686
0.699678 0.563448 0.293673 0.201486
0.923504 0.788871 0.865930 0.482820
0.802932 0.241225 0.224145 0.329303
0.922920 0.503702 0.988160 0.568146
0.307334 0.834581 0.732355 0.033353
0.569598 0.175206 0.570073 0.097487
0.270886 0.496578 0.833898 0.522095
0.925811 0.661184 0.151726 0.318768
0.448071 0.555314 0.654311 0.848711
0.235051 0.668985 0.688287 0.925834
0.270327 0.134041 0.971573 0.955270
0.430752 0.097337 0.483145 0.140924
0.838520 0.211369 0.919484 0.572849
0.671304 0.088226 0.341492 0.872801
0.777669 0.898866 0.158207 0.800561
0.029518 0.803474 0.405991 0.465468
0.943983 0.518645 0.580910 0.692503
0.747370 0.213726 0.447914 0.152584
0.280701 0.830944 0.178545 0.935323
0.520321 0.133912 0.790850 0.898798
0.019825 0.047032 0.287723 0.508839
0.941220 0.096245 0.384440 0.767501
0.464079 0.853069 0.163868 0.321972
0.531670 0.348147 0.536558 0.121157
0.700374 0.420272 0.932291 0.355375
0.546247 0.559718 0.911492 0.582884
0.621641 0.831582 0.341055 0.208655
0.537878 0.822744 0.704438 0.618890
0.717083 0.417486 0.215560 0.827281
0.259537 0.858916 0.457469 0.626247
0.010839 0.914170 0.746941 0.145894
0.739632 0.373218 0.423155 0.188836

MOTSP INSTANCE 17
X 1   Y 1   X 2   Y 2
0.663218 0.962809 0.114242 0.634640
0.055330 0.783753 0.606167 0.386402
0.788827 0.118136 0.083541 0.718543
0.045998 0.195883 0.410465 0.781999
0.310532 0.360053 0.040495 0.138708
0.274736 0.595590 0.845803 0.730366
0.475808 0.257661 0.727298 0.366501
0.959379 0.202867 0.653026 0.784772
0.197980 0.690052 0.795545 0.242014
0.325001 0.986314 0.239873 0.208637
0.219625 0.511194 0.006413 0.915702
0.105621 0.384113 0.923348 0.071219
0.204213 0.967789 0.088098 0.086809
0.508512 0.532629 0.401300 0.219810
0.830728 0.459032 0.072171 0.333527
0.230490 0.657893 0.497214 0.282190
0.394407 0.599319 0.896559 0.367565
0.051090 0.393938 0.677783 0.052276
0.623070 0.105202 0.675590 0.441344
0.216032 0.924054 0.196516 0.692187
0.213998 0.157466 0.454316 0.340682
0.263579 0.720243 0.071329 0.140933
0.052947 0.813856 0.110016 0.423907
0.590414 0.361826 0.429580 0.102687
0.251833 0.962729 0.868403 0.121566
0.591122 0.877363 0.686668 0.940569
0.768356 0.206632 0.753424 0.398621
0.031326 0.843127 0.707055 0.043996
0.964945 0.173079 0.462416 0.796037
0.119949 0.332155 0.241810 0.779795
0.148581 0.285756 0.571582 0.091173
0.849555 0.654851 0.844487 0.569574
0.844041 0.881356 0.168698 0.740607
0.835895 0.124763 0.606293 0.744778
0.212476 0.456507 0.591668 0.155715
0.764537 0.569767 0.728906 0.362502
0.665862 0.313443 0.022443 0.273713
0.611353 0.823699 0.166005 0.499221
0.033918 0.631848 0.408818 0.002167
0.797679 0.647177 0.323922 0.139976
0.153146 0.773856 0.718499 0.688709
0.288117 0.824426 0.499884 0.567704
0.437343 0.313958 0.928652 0.919948
0.960799 0.188293 0.978261 0.494580
0.285245 0.330241 0.599445 0.555320
0.335182 0.407778 0.745284 0.290077
0.726712 0.120285 0.768539 0.514996
0.766224 0.275312 0.092876 0.227056
0.648815 0.328648 0.063249 0.788823
0.151814 0.281979 0.326327 0.798552

MOTSP INSTANCE 18
X 1   Y 1   X 2   Y 2
0.419747 0.333234 0.140523 0.477281
0.425797 0.853983 0.891496 0.999855
0.432443 0.107725 0.894241 0.792730
0.468585 0.233390 0.483658 0.875208
0.408804 0.114491 0.417884 0.245160
0.110821 0.188316 0.524538 0.312289
0.907523 0.131367 0.407731 0.520608
0.931358 0.237726 0.510991 0.536270
0.787552 0.364874 0.118636 0.726723
0.021618 0.822293 0.792641 0.717120
0.313130 0.491512 0.597346 0.218625
0.148914 0.975075 0.700563 0.031527
0.182935 0.569749 0.551858 0.392258
0.334724 0.861071 0.046987 0.781172
0.551310 0.751793 0.344827 0.121883
0.128507 0.947540 0.011014 0.713120
0.477571 0.411214 0.838541 0.080090
0.222537 0.916849 0.698205 0.687231
0.030915 0.871588 0.378469 0.262468
0.876997 0.342371 0.749368 0.382595
0.565889 0.424748 0.613969 0.334836
0.772700 0.570314 0.461693 0.013208
0.249458 0.559103 0.617959 0.537414
0.407574 0.273191 0.224760 0.995895
0.483067 0.441874 0.328300 0.900869
0.448016 0.064316 0.717660 0.027906
0.887006 0.594035 0.179311 0.882806
0.754978 0.833555 0.749160 0.394431
0.858603 0.741675 0.232410 0.789383
0.541128 0.816212 0.396739 0.561244
0.271213 0.537794 0.284557 0.634161
0.156867 0.238487 0.141001 0.536853
0.170820 0.086783 0.382071 0.669059
0.327799 0.776902 0.904128 0.634236
0.768827 0.847705 0.744719 0.828156
0.259765 0.526678 0.954880 0.545754
0.753016 0.195313 0.876239 0.029140
0.935472 0.937203 0.954573 0.301317
0.861866 0.721280 0.823468 0.082482
0.249407 0.520980 0.457584 0.589454
0.854572 0.221883 0.903250 0.827706
0.654815 0.454435 0.786720 0.101416
0.295736 0.149409 0.733279 0.258087
0.088483 0.637262 0.273597 0.475331
0.822744 0.607764 0.392470 0.185858
0.751430 0.155447 0.570123 0.031613
0.254293 0.045244 0.374433 0.897543
0.683208 0.268883 0.116663 0.197386
0.598001 0.653735 0.455268 0.218697
0.538227 0.940590 0.475851 0.696960

MOTSP INSTANCE 19
X 1   Y 1   X 2   Y 2
0.536904 0.068078 0.229271 0.463434
0.218651 0.459283 0.485463 0.997609
0.264841 0.197949 0.280538 0.181493
0.488648 0.769081 0.145450 0.691483
0.552904 0.868562 0.275948 0.968489
0.452808 0.952389 0.634035 0.271733
0.209778 0.385311 0.212328 0.002704
0.833735 0.302683 0.239059 0.159288
0.861250 0.903576 0.314769 0.954903
0.534487 0.249709 0.415557 0.106350
0.462051 0.656844 0.107787 0.122410
0.740822 0.107754 0.344269 0.420215
0.115202 0.520868 0.261470 0.761338
0.830641 0.249805 0.691239 0.215443
0.245134 0.904640 0.752818 0.174372
0.127015 0.150113 0.920975 0.611668
0.624261 0.107590 0.215065 0.831198
0.045859 0.914239 0.123918 0.185846
0.715548 0.809454 0.451324 0.576034
0.957448 0.487406 0.781736 0.348656
0.013469 0.576818 0.493631 0.505451
0.932239 0.911750 0.963614 0.704370
0.508138 0.768734 0.449291 0.720990
0.002520 0.265299 0.330094 0.416793
0.297363 0.845130 0.557166 0.227460
0.990217 0.465874 0.000748 0.922531
0.067864 0.906644 0.243556 0.433566
0.247935 0.022597 0.004150 0.579544
0.258196 0.512482 0.724296 0.028697
0.786582 0.661686 0.456395 0.501936
0.304078 0.280848 0.579441 0.127607
0.965694 0.959015 0.433397 0.589076
0.841204 0.531338 0.070869 0.752210
0.596101 0.340048 0.365172 0.463602
0.060500 0.012967 0.981862 0.659843
0.984540 0.755961 0.777743 0.742849
0.195226 0.333839 0.791353 0.893597
0.981217 0.913482 0.128888 0.219792
0.965494 0.428539 0.553101 0.500565
0.610523 0.141923 0.648934 0.819662
0.726877 0.920178 0.125917 0.269246
0.018380 0.544584 0.921501 0.779057
0.264787 0.095703 0.224489 0.288220
0.432984 0.476865 0.591149 0.387975
0.605430 0.007704 0.273892 0.659719
0.481498 0.932121 0.026151 0.774640
0.904371 0.901915 0.184021 0.370856
0.352869 0.089634 0.979626 0.664152
0.355960 0.574092 0.825242 0.455999
0.558469 0.873526 0.800781 0.083253

MOTSP INSTANCE 20
X 1   Y 1   X 2   Y 2
0.306965 0.403497 0.602305 0.270809
0.420916 0.256959 0.405804 0.529077
0.213467 0.288955 0.757621 0.885568
0.370040 0.181310 0.083643 0.777436
0.049105 0.169108 0.305726 0.549179
0.099931 0.933201 0.803811 0.511583
0.036897 0.630134 0.856208 0.607533
0.456927 0.356683 0.496990 0.551157
0.649628 0.462099 0.564840 0.450683
0.636675 0.153121 0.199898 0.248168
0.631406 0.534420 0.939051 0.566214
0.628081 0.078639 0.923938 0.143219
0.250005 0.197014 0.668941 0.907009
0.628686 0.609973 0.233544 0.325457
0.986067 0.448890 0.043436 0.202424
0.248206 0.557764 0.577606 0.122534
0.980491 0.443463 0.109132 0.896883
0.128243 0.788936 0.237224 0.839565
0.797399 0.048671 0.415805 0.914930
0.714769 0.162148 0.622774 0.477111
0.113334 0.888572 0.673095 0.189103
0.831760 0.105784 0.010756 0.364426
0.053046 0.673282 0.835294 0.283229
0.094887 0.826495 0.832456 0.177087
0.966273 0.455241 0.858978 0.394953
0.368768 0.643050 0.145052 0.946662
0.558577 0.920135 0.797275 0.166964
0.055474 0.827256 0.949611 0.526145
0.872815 0.514373 0.965879 0.958389
0.359618 0.093091 0.929450 0.073325
0.500875 0.566488 0.783184 0.749389
0.598302 0.171719 0.908751 0.363345
0.052763 0.166146 0.963760 0.304485
0.167511 0.219163 0.476584 0.641803
0.117355 0.031026 0.176332 0.402090
0.337363 0.109887 0.209752 0.209664
0.215508 0.717058 0.233832 0.160629
0.989578 0.182028 0.068269 0.143747
0.289632 0.716553 0.505364 0.960841
0.365035 0.387020 0.512469 0.702406
0.542505 0.865570 0.039328 0.633593
0.495943 0.067077 0.569153 0.608233
0.035601 0.533398 0.281993 0.847799
0.120438 0.932909 0.167490 0.596272
0.856895 0.768207 0.854222 0.990731
0.667822 0.566513 0.124567 0.630493
0.801995 0.620769 0.824378 0.823552
0.071344 0.824148 0.058847 0.977232
0.909922 0.526478 0.521463 0.582641
0.174609 0.195112 0.015329 0.900671

