MOVRPTW INSTANCE 1
VEHICLE NUMBER 25    CAPACITY 1.0
DEPOT 1
CUSTOMER 50
XCOORD.   YCOORD.    DEMAND   READY TIME  DUE DATE   SERVICE   TIME
0.131500 0.023306 0.000000 0.000000 4.391580 0.000000
0.452380 0.954342 0.225000 1.508903 1.701073 0.172293
0.794675 0.332672 0.100000 3.053960 3.208017 0.191687
0.439377 0.252604 0.175000 3.501340 3.672568 0.155338
0.071546 0.877515 0.050000 1.111982 1.281131 0.189520
0.965285 0.655674 0.025000 2.353224 2.513614 0.162708
0.657969 0.700506 0.175000 2.249094 2.421185 0.173902
0.798185 0.136414 0.200000 3.134963 3.295545 0.165415
0.119736 0.905653 0.050000 1.548003 1.727233 0.156235
0.163737 0.160126 0.050000 3.503985 3.692944 0.164439
0.823031 0.316852 0.025000 2.778759 2.976372 0.181645
0.807480 0.151135 0.225000 2.270934 2.467272 0.199888
0.453087 0.853059 0.075000 2.005785 2.180684 0.179023
0.197444 0.032722 0.200000 0.690375 0.866488 0.158724
0.181492 0.460532 0.150000 3.814847 3.992345 0.154860
0.381711 0.914657 0.100000 1.457952 1.614252 0.196135
0.604792 0.540503 0.075000 3.216216 3.381989 0.154258
0.172752 0.354362 0.150000 2.984495 3.182487 0.175716
0.836439 0.634640 0.050000 0.946028 1.101967 0.188508
0.601299 0.209147 0.150000 2.535328 2.703739 0.182672
0.500621 0.144457 0.150000 0.826718 0.982401 0.193292
0.428926 0.436399 0.175000 0.798454 0.989410 0.156616
0.711470 0.247271 0.125000 1.872714 2.047411 0.161637
0.418581 0.611030 0.050000 1.280429 1.465424 0.190863
0.244146 0.510744 0.050000 2.029836 2.219525 0.156214
0.437246 0.577781 0.225000 2.882859 3.072627 0.156492
0.086831 0.592107 0.100000 0.893097 1.047703 0.178073
0.905308 0.385080 0.025000 1.187580 1.378967 0.187477
0.259792 0.691403 0.150000 1.270365 1.464004 0.165556
0.058346 0.027047 0.200000 2.605034 2.788605 0.187104
0.332854 0.313643 0.100000 3.298221 3.462449 0.188765
0.519843 0.315215 0.150000 1.422686 1.573554 0.158088
0.506851 0.535023 0.125000 2.183523 2.361377 0.171624
0.177465 0.990751 0.200000 1.291982 1.450896 0.199480
0.172076 0.813888 0.225000 2.229078 2.407572 0.156889
0.255221 0.830630 0.075000 3.319591 3.506847 0.192511
0.758883 0.955414 0.125000 2.780599 2.937689 0.185525
0.246477 0.659402 0.100000 2.773927 2.924603 0.197534
0.527907 0.851212 0.050000 2.891833 3.076132 0.172514
0.961882 0.178154 0.175000 2.482413 2.667163 0.169222
0.290479 0.432093 0.025000 3.334003 3.521861 0.155452
0.981451 0.952842 0.025000 1.735482 1.932497 0.181539
0.955569 0.472483 0.150000 1.134380 1.317537 0.191260
0.726272 0.673156 0.225000 1.251828 1.424820 0.158854
0.768259 0.507131 0.175000 1.540869 1.712463 0.180121
0.670632 0.326499 0.125000 3.310105 3.460299 0.184377
0.657508 0.566409 0.200000 1.757888 1.928716 0.181670
0.093275 0.204389 0.175000 2.992600 3.167358 0.156111
0.434027 0.007447 0.075000 1.177910 1.340602 0.188479
0.925528 0.062411 0.075000 2.675474 2.829517 0.158496
0.022147 0.741509 0.225000 2.107102 2.295451 0.189270

MOVRPTW INSTANCE 2
VEHICLE NUMBER 25    CAPACITY 1.0
DEPOT 1
CUSTOMER 50
XCOORD.   YCOORD.    DEMAND   READY TIME  DUE DATE   SERVICE   TIME
0.051259 0.306412 0.000000 0.000000 4.310944 0.000000
0.176969 0.609686 0.050000 2.054458 2.225513 0.182387
0.281869 0.083028 0.225000 2.613195 2.776737 0.156368
0.577884 0.147876 0.225000 2.237648 2.437036 0.190817
0.645888 0.820873 0.125000 3.416285 3.605218 0.183964
0.842972 0.053041 0.150000 2.255270 2.413193 0.178575
0.238123 0.492197 0.200000 2.875381 3.036769 0.180618
0.984986 0.511616 0.075000 2.528417 2.710549 0.153700
0.199263 0.173724 0.225000 0.974486 1.170677 0.162847
0.524676 0.018192 0.075000 0.795594 0.948479 0.170143
0.676178 0.625452 0.175000 2.399452 2.569860 0.155609
0.748862 0.440259 0.150000 1.037849 1.205979 0.188194
0.330774 0.966664 0.050000 1.084151 1.243430 0.162561
0.019832 0.054597 0.175000 3.727789 3.919039 0.198619
0.412332 0.244960 0.150000 1.796055 1.957693 0.191242
0.355209 0.266169 0.125000 2.905768 3.062609 0.164074
0.871037 0.395930 0.225000 2.827045 3.001439 0.197252
0.720868 0.337416 0.225000 0.926911 1.109633 0.186046
0.933813 0.972851 0.025000 2.310947 2.469774 0.197204
0.181875 0.836820 0.025000 1.921336 2.109644 0.195351
0.816344 0.069636 0.200000 2.123505 2.307303 0.193269
0.458626 0.642302 0.100000 2.076346 2.248508 0.187490
0.836949 0.177591 0.200000 1.297033 1.453104 0.152206
0.729953 0.064389 0.100000 1.200940 1.378218 0.186102
0.639665 0.360910 0.125000 1.551758 1.747805 0.157462
0.452561 0.427063 0.200000 1.871267 2.037476 0.196830
0.316767 0.195958 0.025000 3.507540 3.684301 0.168379
0.698751 0.165402 0.075000 1.658542 1.829215 0.172825
0.325053 0.416881 0.225000 0.617132 0.804755 0.167430
0.882587 0.012655 0.100000 1.625811 1.798872 0.198981
0.445140 0.929421 0.175000 2.686855 2.850450 0.155796
0.003610 0.264124 0.175000 1.808301 1.995224 0.174727
0.057814 0.012500 0.100000 3.356074 3.512083 0.178872
0.161981 0.658017 0.200000 2.715504 2.884349 0.155798
0.697184 0.195363 0.025000 1.393338 1.573199 0.176242
0.212014 0.923009 0.200000 2.371488 2.555868 0.169539
0.184429 0.290863 0.175000 0.634953 0.829458 0.174272
0.520666 0.576205 0.225000 3.335387 3.523257 0.166241
0.063538 0.875220 0.125000 2.977695 3.135383 0.189199
0.769331 0.320650 0.150000 2.413603 2.603977 0.194202
0.659498 0.790227 0.050000 2.344816 2.519047 0.176668
0.292170 0.304961 0.225000 0.977632 1.159647 0.198191
0.827048 0.699390 0.125000 3.184734 3.355634 0.155443
0.782705 0.092049 0.225000 2.104423 2.295163 0.188247
0.305009 0.123306 0.225000 3.510513 3.686992 0.180694
0.922691 0.838779 0.025000 2.609466 2.768303 0.188511
0.750290 0.362234 0.050000 2.913158 3.073527 0.179738
0.557939 0.342403 0.050000 3.542376 3.723305 0.160135
0.219922 0.142184 0.025000 1.794870 1.973319 0.182142
0.058294 0.976015 0.225000 2.929093 3.125444 0.160433
0.348737 0.802982 0.100000 0.841174 0.999373 0.166959

MOVRPTW INSTANCE 3
VEHICLE NUMBER 25    CAPACITY 1.0
DEPOT 1
CUSTOMER 50
XCOORD.   YCOORD.    DEMAND   READY TIME  DUE DATE   SERVICE   TIME
0.319775 0.171200 0.000000 0.000000 4.519585 0.000000
0.573216 0.845246 0.200000 1.162493 1.355734 0.155329
0.091017 0.032381 0.125000 3.948302 4.108713 0.152644
0.690920 0.885494 0.225000 3.323966 3.506278 0.174701
0.488033 0.836128 0.100000 2.291651 2.465086 0.168095
0.956117 0.768538 0.050000 2.336490 2.513173 0.198288
0.711172 0.957797 0.125000 2.891067 3.046760 0.193502
0.632887 0.897553 0.050000 1.981647 2.158746 0.157421
0.623772 0.308652 0.075000 2.106106 2.300503 0.197244
0.750803 0.775195 0.075000 2.770468 2.963905 0.197572
0.939302 0.495670 0.100000 2.961156 3.112341 0.153591
0.589945 0.896159 0.100000 2.370913 2.533853 0.190560
0.545191 0.123334 0.100000 1.930630 2.098446 0.189890
0.441878 0.407198 0.100000 3.254580 3.442502 0.198555
0.936066 0.585263 0.200000 2.512429 2.677720 0.190413
0.532463 0.312496 0.200000 3.632756 3.826723 0.171405
0.513199 0.024888 0.075000 2.993678 3.184627 0.173985
0.049571 0.205321 0.225000 2.198264 2.393437 0.157484
0.742425 0.515060 0.125000 0.610559 0.792258 0.159910
0.900233 0.330353 0.075000 3.068657 3.240026 0.195270
0.880536 0.270475 0.050000 3.608156 3.806930 0.169802
0.608555 0.841688 0.125000 2.850888 3.018442 0.177241
0.834194 0.394025 0.025000 2.071749 2.241000 0.164720
0.436879 0.082528 0.050000 2.525587 2.682437 0.188788
0.932047 0.049700 0.200000 3.348475 3.526664 0.192572
0.671312 0.147609 0.125000 1.709872 1.908353 0.177842
0.884346 0.061306 0.025000 2.961645 3.120907 0.186175
0.665405 0.127467 0.100000 0.491241 0.647219 0.196703
0.057642 0.984081 0.225000 2.146059 2.340884 0.164357
0.912734 0.514320 0.050000 3.096848 3.256963 0.192361
0.584605 0.881739 0.050000 2.441105 2.617203 0.151327
0.298403 0.026659 0.150000 2.443447 2.631637 0.166915
0.506451 0.916887 0.025000 1.880525 2.048356 0.185881
0.469974 0.507514 0.200000 0.454316 0.620792 0.181727
0.449538 0.735826 0.150000 2.106982 2.289289 0.159983
0.193967 0.395556 0.225000 2.408459 2.571486 0.186563
0.550685 0.323969 0.200000 1.391902 1.544386 0.191283
0.195278 0.625211 0.225000 1.709146 1.874579 0.196684
0.330933 0.815414 0.025000 2.763981 2.938423 0.150198
0.237200 0.558965 0.175000 0.482439 0.637279 0.177705
0.528072 0.716188 0.050000 3.260298 3.434299 0.173815
0.856384 0.674010 0.225000 1.801966 1.976931 0.195503
0.379000 0.848842 0.225000 1.849554 2.024515 0.164542
0.238898 0.572366 0.050000 2.839541 3.014150 0.184004
0.314616 0.520848 0.075000 2.926919 3.118837 0.170673
0.229953 0.341523 0.175000 2.501757 2.652840 0.151125
0.359934 0.351811 0.125000 2.888421 3.079900 0.156281
0.543081 0.893955 0.075000 3.046293 3.234165 0.184459
0.302708 0.783037 0.075000 0.702156 0.864920 0.199063
0.207517 0.375760 0.175000 2.025300 2.191521 0.176211
0.735570 0.743896 0.025000 3.194637 3.382380 0.153645

MOVRPTW INSTANCE 4
VEHICLE NUMBER 25    CAPACITY 1.0
DEPOT 1
CUSTOMER 50
XCOORD.   YCOORD.    DEMAND   READY TIME  DUE DATE   SERVICE   TIME
0.212060 0.587777 0.000000 0.000000 4.434022 0.000000
0.528199 0.463169 0.225000 1.704570 1.884463 0.198624
0.667242 0.913842 0.175000 1.365927 1.522245 0.154145
0.705647 0.570744 0.150000 0.859465 1.020244 0.150455
0.733598 0.247465 0.100000 2.845238 3.041804 0.190871
0.483389 0.194471 0.200000 3.171668 3.348827 0.179913
0.454325 0.974393 0.025000 1.156765 1.323594 0.191974
0.119322 0.402184 0.100000 2.076374 2.243802 0.191903
0.447954 0.950317 0.075000 3.002269 3.187840 0.171407
0.821633 0.405350 0.075000 2.231333 2.392282 0.165199
0.598073 0.609868 0.125000 3.784531 3.982121 0.175387
0.450082 0.953384 0.225000 2.320535 2.471040 0.160969
0.445549 0.635867 0.200000 3.269664 3.421454 0.157116
0.364176 0.412173 0.200000 2.239487 2.414805 0.163035
0.887897 0.698297 0.150000 2.623171 2.801863 0.178173
0.478535 0.386950 0.175000 3.585384 3.765001 0.181694
0.265816 0.434091 0.025000 2.076329 2.271548 0.163113
0.758744 0.529999 0.225000 1.739130 1.902840 0.163204
0.070005 0.354525 0.125000 2.217136 2.372752 0.197371
0.089467 0.749300 0.225000 1.694922 1.866825 0.168534
0.548777 0.702722 0.225000 3.434712 3.606265 0.183013
0.340723 0.861601 0.125000 2.810668 2.994290 0.153640
0.762743 0.760729 0.150000 3.164458 3.331155 0.160191
0.581636 0.847588 0.075000 2.040311 2.210232 0.174883
0.568552 0.726630 0.150000 1.237950 1.403483 0.172060
0.503613 0.454520 0.175000 3.862142 4.030929 0.180080
0.735955 0.588717 0.100000 3.553155 3.737849 0.178188
0.994105 0.461171 0.025000 1.407027 1.579294 0.154161
0.738731 0.614368 0.175000 3.423437 3.602072 0.193443
0.141234 0.254772 0.025000 3.425349 3.597845 0.166192
0.794821 0.490735 0.225000 2.302765 2.458334 0.152506
0.878730 0.284984 0.050000 3.409610 3.585293 0.196255
0.470189 0.869782 0.025000 2.469953 2.646413 0.178034
0.693547 0.728773 0.075000 1.885002 2.075485 0.199441
0.619168 0.527621 0.125000 3.428592 3.604042 0.197085
0.088363 0.036543 0.025000 1.189243 1.354972 0.188707
0.296125 0.291930 0.075000 2.221024 2.374347 0.154280
0.578180 0.158130 0.225000 0.962100 1.130316 0.182882
0.234050 0.690891 0.200000 0.552308 0.723343 0.185206
0.223375 0.783362 0.225000 1.460789 1.615418 0.193696
0.939757 0.862216 0.200000 3.124253 3.300610 0.189157
0.149436 0.011384 0.075000 1.732851 1.891975 0.175822
0.757241 0.370375 0.125000 2.391531 2.549736 0.152755
0.818145 0.209948 0.125000 1.892145 2.063793 0.188536
0.036213 0.976901 0.025000 3.450173 3.626847 0.190475
0.947617 0.339155 0.100000 3.291396 3.471062 0.199559
0.111939 0.633851 0.100000 2.043123 2.225939 0.183737
0.194401 0.833119 0.125000 3.817163 3.987203 0.164213
0.646990 0.849702 0.050000 3.059282 3.248402 0.166103
0.094596 0.407941 0.200000 2.626576 2.787305 0.176242
0.336168 0.912207 0.100000 1.293856 1.462873 0.191361

MOVRPTW INSTANCE 5
VEHICLE NUMBER 25    CAPACITY 1.0
DEPOT 1
CUSTOMER 50
XCOORD.   YCOORD.    DEMAND   READY TIME  DUE DATE   SERVICE   TIME
0.395825 0.722592 0.000000 0.000000 4.388805 0.000000
0.489537 0.189555 0.150000 2.490007 2.672627 0.188256
0.637925 0.766701 0.025000 1.231138 1.416057 0.187345
0.875498 0.500872 0.175000 2.200864 2.353470 0.188334
0.351096 0.387895 0.150000 2.605382 2.762182 0.165863
0.750054 0.831640 0.075000 1.675719 1.827710 0.155537
0.734153 0.728393 0.075000 0.874602 1.066749 0.179125
0.424543 0.502799 0.050000 3.149945 3.325535 0.194847
0.895034 0.756651 0.125000 1.249972 1.412544 0.151966
0.460333 0.853907 0.200000 0.599411 0.780189 0.172502
0.917292 0.924041 0.200000 3.015907 3.169956 0.152616
0.814848 0.699106 0.050000 1.766708 1.966415 0.154881
0.264197 0.053620 0.225000 1.698954 1.864598 0.153379
0.292778 0.094857 0.200000 3.380492 3.531127 0.192319
0.540509 0.930800 0.025000 0.407618 0.594503 0.185324
0.116415 0.245959 0.225000 1.165835 1.344431 0.182896
0.491275 0.235601 0.175000 0.682913 0.880027 0.177412
0.934338 0.416481 0.150000 2.621322 2.807592 0.153191
0.731142 0.743226 0.025000 2.688953 2.852864 0.170860
0.282816 0.858110 0.125000 3.234473 3.430844 0.196034
0.538485 0.604563 0.025000 1.409934 1.581841 0.151029
0.459997 0.369352 0.200000 2.004750 2.182530 0.159313
0.939604 0.505933 0.175000 3.345471 3.516042 0.163235
0.077936 0.900894 0.200000 2.462039 2.649287 0.188243
0.873345 0.466063 0.175000 3.279062 3.477843 0.160771
0.084279 0.115957 0.150000 2.331414 2.504694 0.151234
0.071464 0.855178 0.025000 1.212581 1.402188 0.188382
0.725995 0.854063 0.050000 2.831160 2.987844 0.193447
0.603462 0.415076 0.125000 2.207527 2.403147 0.186988
0.853977 0.790684 0.200000 1.070364 1.268531 0.154514
0.730601 0.882693 0.075000 0.500102 0.688625 0.188869
0.903667 0.460215 0.125000 1.861060 2.035682 0.158194
0.770937 0.490416 0.025000 2.394194 2.581363 0.157423
0.674991 0.529505 0.150000 2.783014 2.952000 0.198375
0.289515 0.903091 0.100000 3.803811 3.989823 0.170131
0.299908 0.812688 0.050000 2.404303 2.597445 0.184562
0.641817 0.354725 0.200000 0.669394 0.848463 0.150753
0.806462 0.049257 0.075000 2.723132 2.920503 0.180186
0.672383 0.367706 0.150000 0.573725 0.770347 0.192930
0.560034 0.361039 0.150000 1.619667 1.812403 0.187215
0.914039 0.360745 0.100000 3.218799 3.414504 0.154267
0.452039 0.021045 0.200000 3.336445 3.535475 0.157358
0.986491 0.247763 0.150000 2.315598 2.507381 0.162697
0.918231 0.859572 0.050000 1.529777 1.708987 0.154370
0.997704 0.021963 0.100000 2.683995 2.838939 0.188120
0.063060 0.628835 0.100000 1.273623 1.445894 0.180062
0.645676 0.293312 0.075000 2.406323 2.587200 0.150252
0.215249 0.565186 0.025000 0.637420 0.833741 0.160561
0.617563 0.070825 0.225000 0.862103 1.058703 0.169043
0.238662 0.224651 0.175000 3.313080 3.505323 0.177742
0.339931 0.790695 0.150000 1.516951 1.680475 0.199725

MOVRPTW INSTANCE 6
VEHICLE NUMBER 25    CAPACITY 1.0
DEPOT 1
CUSTOMER 50
XCOORD.   YCOORD.    DEMAND   READY TIME  DUE DATE   SERVICE   TIME
0.261372 0.356104 0.000000 0.000000 4.221080 0.000000
0.421935 0.961695 0.100000 2.041808 2.241239 0.188506
0.008081 0.241013 0.200000 0.430576 0.588961 0.194461
0.056677 0.843914 0.125000 1.038571 1.214235 0.191628
0.367071 0.002961 0.225000 0.797510 0.978479 0.161677
0.717438 0.570485 0.075000 2.597147 2.781233 0.158087
0.328104 0.520580 0.100000 1.687029 1.852437 0.159675
0.142316 0.638381 0.025000 2.587022 2.746905 0.173850
0.197200 0.087263 0.025000 2.599124 2.760761 0.171409
0.882923 0.841803 0.200000 3.304239 3.466941 0.190188
0.851229 0.371035 0.175000 1.227610 1.392896 0.180316
0.892224 0.136502 0.125000 1.244079 1.424103 0.164872
0.645715 0.349691 0.225000 1.667429 1.842209 0.183474
0.225063 0.835081 0.125000 2.449940 2.626312 0.163599
0.685168 0.244496 0.100000 1.871915 2.040457 0.193580
0.554980 0.155971 0.175000 0.795990 0.984488 0.153305
0.346071 0.517094 0.075000 3.467322 3.651382 0.198053
0.318571 0.359325 0.075000 2.154025 2.349211 0.177807
0.865204 0.958889 0.225000 0.956346 1.130750 0.181273
0.406958 0.831475 0.100000 2.446451 2.619412 0.189001
0.436367 0.033616 0.225000 0.634020 0.812818 0.179914
0.172330 0.888113 0.100000 0.734642 0.910455 0.182846
0.200264 0.633023 0.075000 1.505400 1.697677 0.175011
0.876021 0.188024 0.025000 1.289306 1.483929 0.191573
0.419349 0.310690 0.200000 1.216808 1.408166 0.195274
0.341045 0.260669 0.200000 3.652937 3.837346 0.168628
0.901167 0.571471 0.175000 2.507434 2.667428 0.151724
0.097505 0.615654 0.050000 1.577058 1.738442 0.192406
0.883339 0.249559 0.025000 1.574301 1.734738 0.179215
0.240735 0.547810 0.100000 0.662749 0.858246 0.198341
0.000701 0.405041 0.150000 1.146929 1.320303 0.154355
0.275225 0.417780 0.025000 1.106387 1.262986 0.159595
0.238259 0.628090 0.025000 0.969202 1.122817 0.179553
0.530619 0.839731 0.225000 1.002461 1.196442 0.193104
0.609924 0.661634 0.025000 1.785831 1.962219 0.162027
0.937713 0.163455 0.200000 2.836787 3.003546 0.198571
0.434754 0.596497 0.100000 2.433396 2.584704 0.191123
0.697779 0.037047 0.050000 1.919174 2.116081 0.186297
0.835621 0.795983 0.125000 2.970583 3.167645 0.193763
0.190784 0.815283 0.100000 2.338945 2.507962 0.190174
0.144779 0.835035 0.125000 1.740771 1.919512 0.182951
0.529628 0.431875 0.200000 0.468522 0.649723 0.177174
0.638212 0.090442 0.100000 1.254742 1.429812 0.161888
0.219416 0.386873 0.175000 0.323650 0.497027 0.183157
0.793896 0.529385 0.050000 3.068727 3.265794 0.159706
0.811687 0.190232 0.100000 3.050812 3.224170 0.176748
0.683735 0.914049 0.050000 2.257234 2.407900 0.169517
0.687740 0.787496 0.050000 1.147408 1.337195 0.190789
0.648497 0.097366 0.150000 2.669029 2.866866 0.172812
0.055001 0.133020 0.050000 2.493914 2.664978 0.162777
0.822413 0.053391 0.075000 3.073705 3.250000 0.199485

MOVRPTW INSTANCE 7
VEHICLE NUMBER 25    CAPACITY 1.0
DEPOT 1
CUSTOMER 50
XCOORD.   YCOORD.    DEMAND   READY TIME  DUE DATE   SERVICE   TIME
0.714784 0.334295 0.000000 0.000000 4.347515 0.000000
0.884268 0.088444 0.075000 3.058723 3.223979 0.192644
0.488863 0.360247 0.225000 0.667106 0.833338 0.169172
0.951065 0.288108 0.025000 0.779594 0.963119 0.171442
0.300375 0.457283 0.025000 2.402599 2.568270 0.179355
0.052418 0.107886 0.225000 1.428657 1.578855 0.179688
0.933966 0.222749 0.050000 1.723694 1.894530 0.195080
0.536129 0.986778 0.050000 0.970061 1.137756 0.192493
0.980563 0.708826 0.025000 2.889718 3.057844 0.152798
0.986639 0.091189 0.100000 1.833459 1.992060 0.167460
0.690373 0.926184 0.075000 2.376897 2.572618 0.169689
0.689034 0.365085 0.050000 2.474732 2.647762 0.160061
0.778223 0.498067 0.075000 2.240874 2.399545 0.174471
0.955177 0.859946 0.175000 2.068831 2.253921 0.182611
0.872702 0.901583 0.175000 0.934824 1.130998 0.155276
0.185007 0.466390 0.025000 2.216456 2.412288 0.185311
0.818735 0.926823 0.200000 1.793452 1.991650 0.175592
0.351726 0.449486 0.150000 2.399794 2.591878 0.161814
0.976323 0.430439 0.225000 3.685371 3.836131 0.157959
0.596411 0.157427 0.125000 2.101914 2.258224 0.154798
0.613598 0.611785 0.150000 1.421794 1.599059 0.159731
0.608136 0.789181 0.200000 0.498934 0.655410 0.194753
0.763138 0.526337 0.125000 0.594253 0.788494 0.166247
0.882376 0.433545 0.225000 1.292903 1.454258 0.190519
0.883127 0.973903 0.175000 3.294657 3.489527 0.164164
0.173360 0.268522 0.150000 2.781103 2.950233 0.150173
0.892206 0.138203 0.050000 1.897869 2.054154 0.186163
0.845457 0.384770 0.025000 2.746684 2.906494 0.159383
0.861524 0.581286 0.075000 3.799731 3.952286 0.198600
0.971202 0.536767 0.025000 0.997966 1.187044 0.188427
0.252933 0.679216 0.175000 1.794648 1.945266 0.162110
0.713338 0.526092 0.125000 1.999158 2.163751 0.171338
0.273987 0.719579 0.150000 1.099814 1.274588 0.196355
0.778345 0.137945 0.200000 1.587718 1.770970 0.182900
0.203141 0.931056 0.175000 3.010272 3.177949 0.184767
0.083828 0.814783 0.125000 1.033946 1.199651 0.183713
0.922041 0.365363 0.150000 2.704396 2.858563 0.153776
0.167065 0.971785 0.075000 2.090793 2.260783 0.157933
0.243492 0.271804 0.200000 2.199622 2.382867 0.176839
0.780192 0.942774 0.100000 1.058418 1.215187 0.193448
0.486166 0.526661 0.100000 2.376306 2.552977 0.153959
0.979157 0.232720 0.025000 0.664153 0.842814 0.193778
0.207848 0.799438 0.225000 2.443530 2.604741 0.179806
0.170983 0.026544 0.050000 3.431897 3.616622 0.179335
0.584664 0.637373 0.025000 0.856017 1.018924 0.177153
0.209905 0.845927 0.100000 2.832536 3.000198 0.161974
0.318368 0.276788 0.225000 3.131539 3.287550 0.195883
0.449545 0.659450 0.025000 1.062165 1.240103 0.192517
0.781101 0.997492 0.100000 2.208331 2.380346 0.180180
0.688394 0.556651 0.225000 1.873684 2.059025 0.154300
0.183497 0.851640 0.050000 2.078734 2.228739 0.186586

MOVRPTW INSTANCE 8
VEHICLE NUMBER 25    CAPACITY 1.0
DEPOT 1
CUSTOMER 50
XCOORD.   YCOORD.    DEMAND   READY TIME  DUE DATE   SERVICE   TIME
0.614389 0.846537 0.000000 0.000000 4.320814 0.000000
0.875405 0.808215 0.175000 3.318611 3.504223 0.183144
0.988431 0.202457 0.200000 3.364164 3.544415 0.187433
0.648297 0.379965 0.175000 1.613482 1.805890 0.162038
0.746273 0.097046 0.075000 1.373296 1.571625 0.198875
0.735551 0.770647 0.100000 1.920384 2.104424 0.192762
0.965253 0.563079 0.075000 2.894984 3.078254 0.189370
0.763582 0.655359 0.200000 1.704366 1.885283 0.167281
0.770577 0.546821 0.200000 1.465959 1.643864 0.187823
0.990401 0.035999 0.175000 1.637597 1.835726 0.195482
0.752575 0.542183 0.125000 3.602295 3.799710 0.170786
0.697900 0.791477 0.200000 3.127412 3.286418 0.186413
0.196635 0.883494 0.100000 1.281631 1.481394 0.165811
0.827779 0.534630 0.175000 0.709663 0.875868 0.186209
0.666031 0.270926 0.075000 2.162278 2.361526 0.176286
0.641003 0.107555 0.050000 1.813083 1.999566 0.183677
0.608430 0.727744 0.150000 1.390844 1.589640 0.156626
0.326329 0.146751 0.075000 1.030118 1.215642 0.160399
0.061412 0.731239 0.200000 3.342889 3.504127 0.161962
0.974000 0.994775 0.225000 3.509763 3.662899 0.184109
0.874834 0.440480 0.025000 0.567084 0.721722 0.166421
0.421266 0.713225 0.100000 0.274259 0.443562 0.191637
0.513504 0.721872 0.050000 3.614975 3.786843 0.164172
0.369492 0.815463 0.175000 2.936307 3.134176 0.173368
0.410701 0.298735 0.050000 1.464717 1.633540 0.185426
0.152558 0.452702 0.025000 0.648114 0.828868 0.188262
0.367375 0.613104 0.100000 2.452552 2.634152 0.155639
0.142074 0.705095 0.150000 2.349347 2.518519 0.178670
0.142059 0.847136 0.200000 3.691906 3.871967 0.192654
0.560345 0.683211 0.025000 3.770132 3.928012 0.183164
0.049133 0.410299 0.200000 1.943863 2.109820 0.162858
0.663330 0.043801 0.050000 2.655233 2.805450 0.188169
0.968310 0.448686 0.050000 2.507602 2.679285 0.194156
0.597695 0.124348 0.075000 2.609018 2.763898 0.195645
0.969572 0.505722 0.200000 2.542027 2.732118 0.173244
0.465518 0.620061 0.225000 1.693684 1.863788 0.163291
0.086134 0.950724 0.075000 0.618345 0.791275 0.155613
0.992598 0.373572 0.025000 3.038877 3.188960 0.164368
0.287278 0.481298 0.150000 1.324913 1.506252 0.152522
0.362503 0.711450 0.175000 0.743927 0.934250 0.178253
0.569362 0.353131 0.200000 1.680643 1.868745 0.195229
0.339039 0.180083 0.100000 2.149298 2.342692 0.165246
0.545874 0.284489 0.150000 2.656973 2.819330 0.180024
0.041511 0.885439 0.150000 2.469070 2.645497 0.152186
0.092065 0.074811 0.200000 1.428021 1.616206 0.165317
0.959226 0.612610 0.050000 1.139930 1.330911 0.172221
0.618395 0.973750 0.075000 1.971156 2.151759 0.175576
0.314069 0.069392 0.225000 3.164608 3.341597 0.151306
0.117333 0.686941 0.175000 2.023213 2.183510 0.184412
0.237421 0.160883 0.100000 1.726619 1.919367 0.162659
0.385341 0.080369 0.075000 2.571397 2.722648 0.164132

MOVRPTW INSTANCE 9
VEHICLE NUMBER 25    CAPACITY 1.0
DEPOT 1
CUSTOMER 50
XCOORD.   YCOORD.    DEMAND   READY TIME  DUE DATE   SERVICE   TIME
0.169984 0.337407 0.000000 0.000000 4.525055 0.000000
0.437711 0.517457 0.050000 0.582283 0.740041 0.161409
0.770277 0.767390 0.125000 1.114794 1.282856 0.177778
0.710131 0.300789 0.125000 0.586199 0.749515 0.162477
0.106149 0.961449 0.050000 2.690006 2.888696 0.183006
0.222458 0.305864 0.150000 2.465223 2.648922 0.184754
0.640983 0.019601 0.075000 2.113583 2.310117 0.184806
0.223691 0.725909 0.075000 0.411247 0.603927 0.160772
0.013774 0.056855 0.175000 0.434072 0.621391 0.158129
0.013103 0.137621 0.225000 2.164880 2.351346 0.176251
0.966082 0.159927 0.025000 1.513467 1.683238 0.187704
0.034393 0.346201 0.125000 3.380598 3.576502 0.165255
0.574107 0.357887 0.050000 2.451833 2.604688 0.192841
0.749750 0.689614 0.175000 2.308016 2.481822 0.172671
0.212372 0.723373 0.050000 1.124557 1.303226 0.175786
0.188141 0.256743 0.125000 2.395123 2.594636 0.188762
0.576364 0.751406 0.200000 1.736438 1.925454 0.184249
0.314300 0.974480 0.075000 1.743405 1.932357 0.191108
0.447736 0.013258 0.050000 1.168029 1.346101 0.161712
0.515424 0.489753 0.225000 3.350160 3.535101 0.174365
0.516216 0.437653 0.075000 3.865515 4.021273 0.154645
0.909051 0.037530 0.125000 1.977625 2.136959 0.165072
0.999341 0.462357 0.100000 3.106731 3.275763 0.164778
0.502055 0.828365 0.175000 3.434355 3.598410 0.157582
0.117830 0.988112 0.225000 1.944212 2.115305 0.189610
0.572697 0.012617 0.075000 2.387987 2.549957 0.176321
0.564653 0.579374 0.175000 1.124136 1.276244 0.199942
0.881334 0.651619 0.075000 2.781288 2.966948 0.164589
0.740923 0.371477 0.150000 2.738311 2.904777 0.155244
0.281099 0.118345 0.225000 3.932093 4.113687 0.152309
0.052063 0.732346 0.225000 0.660668 0.860346 0.161141
0.450748 0.510548 0.075000 0.943531 1.132660 0.182144
0.811788 0.558295 0.125000 1.490250 1.674842 0.199820
0.956577 0.721031 0.125000 1.647022 1.822499 0.164584
0.365406 0.380734 0.175000 3.013161 3.170155 0.153232
0.789313 0.004436 0.175000 1.732293 1.901804 0.163693
0.202818 0.738181 0.150000 0.897966 1.089883 0.171674
0.019857 0.145577 0.200000 0.986771 1.175792 0.151008
0.192356 0.950473 0.075000 1.706330 1.861019 0.184032
0.923132 0.330242 0.150000 2.941530 3.114192 0.150883
0.899416 0.032319 0.200000 3.356611 3.554677 0.183671
0.083047 0.462316 0.100000 1.910362 2.071260 0.179585
0.745789 0.708764 0.100000 1.986468 2.158909 0.157558
0.488157 0.526317 0.225000 1.351770 1.524926 0.184474
0.078965 0.711318 0.200000 0.470823 0.624369 0.181390
0.706916 0.802619 0.175000 1.131845 1.324031 0.165768
0.660206 0.429114 0.050000 3.579145 3.742991 0.154494
0.600709 0.523793 0.125000 2.823750 2.995989 0.196322
0.752810 0.081095 0.225000 1.339992 1.500195 0.180302
0.263276 0.905849 0.150000 0.991779 1.164996 0.192632
0.063998 0.254167 0.075000 3.869454 4.041519 0.199997

MOVRPTW INSTANCE 10
VEHICLE NUMBER 25    CAPACITY 1.0
DEPOT 1
CUSTOMER 50
XCOORD.   YCOORD.    DEMAND   READY TIME  DUE DATE   SERVICE   TIME
0.911408 0.376653 0.000000 0.000000 4.251430 0.000000
0.209428 0.781576 0.175000 3.054970 3.250442 0.152730
0.642666 0.602978 0.050000 3.259935 3.415982 0.166573
0.494844 0.906119 0.225000 3.212649 3.367511 0.160777
0.745962 0.015639 0.050000 3.368971 3.547075 0.158163
0.738592 0.700361 0.150000 0.927474 1.101463 0.157214
0.840337 0.586462 0.025000 1.873677 2.048177 0.151195
0.380304 0.531144 0.200000 2.380767 2.572514 0.183321
0.705418 0.028801 0.225000 2.067945 2.232754 0.194530
0.891343 0.129906 0.125000 0.988335 1.176918 0.198639
0.645648 0.024735 0.075000 1.656020 1.821515 0.173468
0.452309 0.263597 0.025000 1.236875 1.394745 0.179610
0.854302 0.559849 0.200000 0.696365 0.886503 0.185320
0.942641 0.900591 0.225000 2.746699 2.911272 0.157220
0.591571 0.432127 0.150000 3.320943 3.504829 0.189291
0.226754 0.971783 0.100000 2.101128 2.272294 0.182650
0.314414 0.075987 0.150000 2.356935 2.539986 0.189691
0.339771 0.783112 0.200000 1.698242 1.854763 0.186885
0.435639 0.209322 0.175000 0.847008 1.041892 0.182303
0.936692 0.926563 0.200000 1.500615 1.657166 0.182948
0.452597 0.479695 0.225000 2.899814 3.055256 0.180397
0.498803 0.037482 0.225000 1.760555 1.930450 0.197837
0.652548 0.239709 0.200000 3.676514 3.864936 0.169461
0.093623 0.588539 0.025000 2.169800 2.335449 0.157387
0.847175 0.705473 0.050000 2.469393 2.638526 0.184923
0.451878 0.466667 0.075000 1.332644 1.509753 0.166875
0.149292 0.555545 0.075000 2.913751 3.064808 0.188942
0.548164 0.866666 0.150000 3.396932 3.584162 0.192177
0.971890 0.528583 0.150000 3.556047 3.743564 0.167651
0.678203 0.738887 0.100000 3.261377 3.456488 0.188541
0.710365 0.636737 0.200000 3.352546 3.517643 0.167839
0.284946 0.776336 0.050000 1.221684 1.418861 0.191652
0.121021 0.861679 0.025000 1.489355 1.689181 0.185116
0.843589 0.721032 0.150000 2.932536 3.082991 0.157844
0.147197 0.247004 0.125000 2.382845 2.550996 0.166238
0.713615 0.876330 0.200000 1.912333 2.090621 0.164640
0.719546 0.820364 0.075000 1.067946 1.233363 0.176958
0.806825 0.363452 0.175000 0.479829 0.657852 0.198393
0.029039 0.154215 0.050000 0.934034 1.106510 0.167585
0.884900 0.397002 0.125000 2.739540 2.932393 0.181472
0.453998 0.871462 0.175000 2.036151 2.224869 0.152297
0.349662 0.299283 0.025000 2.392465 2.561096 0.156443
0.741477 0.241719 0.150000 2.505789 2.687597 0.195383
0.196459 0.766016 0.150000 3.115458 3.301211 0.150599
0.199444 0.722718 0.125000 3.002259 3.158650 0.158589
0.980854 0.568514 0.225000 3.605466 3.778742 0.156208
0.665160 0.545879 0.150000 2.027822 2.196885 0.188240
0.954532 0.657744 0.075000 1.130251 1.322320 0.173831
0.511770 0.132180 0.100000 1.772285 1.969228 0.189418
0.473734 0.644053 0.150000 1.654676 1.839649 0.152686
0.520862 0.602007 0.100000 1.255397 1.436653 0.186313

MOVRPTW INSTANCE 11
VEHICLE NUMBER 25    CAPACITY 1.0
DEPOT 1
CUSTOMER 50
XCOORD.   YCOORD.    DEMAND   READY TIME  DUE DATE   SERVICE   TIME
0.370073 0.694740 0.000000 0.000000 4.376338 0.000000
0.126030 0.874817 0.125000 2.225106 2.405490 0.196027
0.215687 0.248740 0.125000 3.715077 3.876432 0.168593
0.913667 0.262271 0.150000 1.461609 1.651436 0.170006
0.408823 0.689829 0.075000 2.520293 2.698419 0.177105
0.830665 0.891336 0.200000 0.795073 0.991485 0.164998
0.962920 0.830503 0.175000 1.601774 1.800393 0.198246
0.663895 0.118689 0.075000 3.344208 3.505104 0.156349
0.391532 0.941788 0.125000 2.089468 2.246647 0.152178
0.532875 0.942717 0.125000 1.108773 1.277919 0.169057
0.054531 0.343519 0.200000 1.879762 2.055378 0.172027
0.499089 0.521330 0.125000 2.187989 2.376034 0.178774
0.333106 0.864640 0.150000 1.861234 2.033532 0.162979
0.994290 0.207418 0.200000 0.997719 1.161125 0.169663
0.479192 0.202051 0.175000 1.170314 1.324839 0.187383
0.340084 0.023144 0.050000 2.610943 2.761899 0.177874
0.621279 0.604427 0.225000 2.857853 3.045550 0.181248
0.179220 0.745042 0.100000 2.646310 2.830275 0.177241
0.514729 0.675661 0.200000 0.641306 0.819324 0.184321
0.007462 0.546853 0.025000 1.707617 1.858972 0.153513
0.035550 0.376588 0.050000 1.694523 1.870412 0.153595
0.006543 0.076180 0.025000 3.533424 3.686089 0.165068
0.413954 0.587602 0.125000 2.599049 2.763788 0.154653
0.663959 0.836977 0.075000 2.726228 2.914188 0.159372
0.853719 0.691781 0.075000 2.268698 2.439272 0.175311
0.348182 0.601272 0.225000 0.429925 0.605194 0.177076
0.838588 0.743153 0.200000 0.822178 1.009998 0.160310
0.224015 0.859655 0.225000 3.331160 3.522566 0.199084
0.531546 0.322422 0.200000 3.802605 3.978488 0.190498
0.665509 0.143689 0.025000 0.918798 1.115722 0.173499
0.659754 0.191932 0.025000 2.153590 2.326491 0.163730
0.688546 0.113511 0.050000 1.220180 1.406022 0.187141
0.261470 0.513606 0.100000 1.260717 1.453750 0.183846
0.093712 0.746639 0.200000 0.469344 0.651945 0.168810
0.267130 0.003385 0.200000 0.846949 0.998091 0.155518
0.356496 0.170758 0.175000 1.619564 1.811690 0.157784
0.628445 0.900037 0.100000 0.978008 1.170792 0.175526
0.693102 0.043282 0.125000 2.166682 2.334487 0.188891
0.017518 0.646198 0.225000 1.360516 1.524656 0.160067
0.362951 0.699167 0.150000 0.552464 0.731657 0.177445
0.721056 0.380461 0.075000 2.503558 2.681992 0.167688
0.491894 0.894732 0.050000 1.573199 1.767869 0.152801
0.215559 0.278121 0.175000 0.778475 0.929736 0.191046
0.369645 0.161233 0.100000 2.734851 2.918776 0.158506
0.841683 0.262008 0.200000 2.498090 2.689256 0.193282
0.580700 0.567281 0.075000 3.637628 3.810802 0.159960
0.368240 0.517873 0.200000 3.562185 3.751199 0.197423
0.663376 0.594993 0.200000 2.054234 2.216224 0.171014
0.325817 0.417875 0.200000 2.347951 2.542831 0.161756
0.498299 0.838573 0.050000 2.874408 3.026394 0.186957
0.350539 0.753526 0.025000 1.075466 1.266627 0.195699

MOVRPTW INSTANCE 12
VEHICLE NUMBER 25    CAPACITY 1.0
DEPOT 1
CUSTOMER 50
XCOORD.   YCOORD.    DEMAND   READY TIME  DUE DATE   SERVICE   TIME
0.240485 0.091769 0.000000 0.000000 4.156073 0.000000
0.484506 0.428630 0.200000 3.357339 3.523311 0.189338
0.800429 0.518261 0.075000 1.975135 2.132555 0.198671
0.646604 0.853484 0.075000 1.419865 1.614597 0.163262
0.014088 0.871144 0.150000 2.080751 2.264105 0.161420
0.694112 0.065774 0.175000 0.692963 0.882428 0.185301
0.809251 0.931996 0.150000 2.837872 3.012185 0.151873
0.242484 0.802956 0.225000 1.415951 1.599648 0.186933
0.187225 0.913435 0.025000 3.325836 3.490992 0.191903
0.420956 0.219497 0.150000 2.036286 2.191057 0.156469
0.451742 0.258349 0.025000 2.006448 2.177098 0.196436
0.669123 0.366863 0.050000 2.576413 2.735558 0.170181
0.591561 0.862474 0.050000 1.471298 1.655623 0.193875
0.608857 0.989439 0.050000 1.617606 1.798841 0.180401
0.189112 0.134490 0.175000 2.752313 2.952073 0.152122
0.896911 0.400224 0.225000 2.000857 2.165851 0.154538
0.757573 0.814843 0.150000 2.735929 2.913774 0.167294
0.401748 0.866587 0.225000 1.282770 1.458719 0.175471
0.056046 0.459031 0.175000 0.832162 1.002151 0.198023
0.300221 0.936677 0.150000 1.207891 1.389884 0.165308
0.737037 0.048342 0.175000 1.905370 2.084516 0.158572
0.964453 0.131544 0.025000 0.908023 1.068051 0.172386
0.867671 0.888745 0.050000 2.900272 3.099193 0.171292
0.363114 0.564821 0.225000 2.049506 2.244648 0.162093
0.954778 0.942339 0.200000 2.569592 2.724849 0.161418
0.613336 0.433642 0.150000 2.863731 3.040267 0.194230
0.447959 0.547448 0.025000 0.756176 0.944486 0.190532
0.481557 0.370907 0.100000 2.690810 2.859309 0.183553
0.830153 0.808189 0.150000 2.042849 2.199176 0.177549
0.309803 0.762408 0.225000 0.943168 1.115724 0.152191
0.951485 0.394398 0.125000 2.775680 2.969450 0.199202
0.769119 0.372456 0.175000 2.171932 2.336367 0.192627
0.798024 0.612391 0.050000 1.624737 1.815030 0.193072
0.950844 0.191266 0.025000 0.871390 1.067276 0.195304
0.490934 0.145914 0.125000 2.340433 2.539394 0.153297
0.240376 0.733371 0.050000 1.700105 1.879396 0.178393
0.677314 0.713972 0.150000 0.942276 1.126425 0.197089
0.029583 0.720296 0.200000 1.332279 1.528465 0.154347
0.559605 0.270239 0.050000 0.976911 1.172313 0.151186
0.205445 0.298874 0.050000 2.781053 2.949176 0.152443
0.757923 0.343871 0.225000 3.564131 3.732957 0.151052
0.430886 0.331310 0.075000 1.933700 2.105425 0.157662
0.909255 0.391707 0.225000 0.744566 0.919043 0.160243
0.271356 0.119961 0.050000 0.612939 0.799354 0.179173
0.127379 0.856367 0.200000 2.382012 2.578896 0.196467
0.718255 0.334068 0.150000 1.178857 1.350692 0.161130
0.627853 0.794487 0.150000 2.203683 2.398377 0.193149
0.452652 0.997075 0.075000 3.006001 3.159733 0.167804
0.946520 0.446699 0.150000 1.156660 1.353087 0.167693
0.362821 0.498365 0.075000 3.150297 3.336933 0.155741
0.842063 0.140957 0.075000 3.581615 3.778248 0.161501

MOVRPTW INSTANCE 13
VEHICLE NUMBER 25    CAPACITY 1.0
DEPOT 1
CUSTOMER 50
XCOORD.   YCOORD.    DEMAND   READY TIME  DUE DATE   SERVICE   TIME
0.242015 0.857614 0.000000 0.000000 4.411077 0.000000
0.366496 0.639840 0.200000 1.026226 1.213137 0.190689
0.308773 0.471073 0.225000 2.494692 2.665397 0.154949
0.345942 0.561431 0.175000 1.611285 1.775174 0.195971
0.710977 0.723283 0.025000 2.309734 2.509491 0.198771
0.731834 0.014378 0.225000 1.367162 1.532908 0.176910
0.639999 0.681858 0.025000 3.574448 3.755196 0.176435
0.662244 0.007916 0.200000 3.150461 3.349243 0.170167
0.474394 0.302789 0.025000 2.635900 2.825245 0.189179
0.302628 0.513480 0.125000 3.408981 3.564773 0.166588
0.495829 0.721599 0.175000 3.554765 3.730106 0.188882
0.502185 0.836420 0.175000 3.022603 3.197429 0.167464
0.158530 0.100187 0.225000 1.123148 1.322797 0.188404
0.683589 0.584033 0.200000 1.984209 2.145379 0.173882
0.250470 0.091497 0.175000 3.262767 3.431733 0.189789
0.710083 0.126989 0.050000 2.720632 2.913413 0.197385
0.495285 0.603269 0.075000 3.644980 3.822352 0.161947
0.907999 0.175717 0.200000 2.934868 3.101644 0.185995
0.946011 0.119387 0.050000 1.525898 1.683262 0.185719
0.120640 0.944533 0.125000 2.359217 2.550040 0.158504
0.362189 0.765771 0.100000 2.072056 2.233416 0.171315
0.258708 0.278535 0.050000 0.875286 1.053574 0.190746
0.257758 0.001775 0.125000 1.926939 2.094105 0.190195
0.305085 0.775729 0.150000 0.250555 0.428905 0.159449
0.259233 0.031320 0.100000 2.923108 3.091012 0.164936
0.840223 0.714435 0.175000 3.553526 3.712092 0.153658
0.397825 0.653800 0.200000 3.604264 3.769672 0.194677
0.496226 0.164910 0.025000 3.025736 3.224241 0.176339
0.084320 0.393777 0.150000 3.713048 3.870686 0.172296
0.026040 0.834241 0.100000 3.846694 4.010069 0.164020
0.779683 0.082857 0.200000 1.598452 1.797569 0.180126
0.663227 0.193998 0.200000 0.838501 1.007161 0.179808
0.157927 0.657010 0.100000 2.809198 3.002675 0.173689
0.704711 0.588938 0.125000 0.692774 0.850113 0.166314
0.870915 0.127560 0.100000 2.947597 3.109767 0.186980
0.290256 0.643064 0.200000 3.140812 3.316171 0.176041
0.836104 0.160767 0.200000 1.617679 1.780555 0.187979
0.460640 0.012165 0.125000 1.124462 1.324091 0.181560
0.770755 0.903878 0.050000 3.625044 3.812976 0.162716
0.876229 0.756902 0.200000 1.564109 1.732222 0.196282
0.166037 0.692917 0.075000 0.989775 1.180354 0.169785
0.339462 0.116583 0.025000 3.396330 3.582302 0.161630
0.665531 0.355078 0.125000 2.213643 2.384566 0.176662
0.226392 0.589676 0.125000 3.826729 4.002218 0.174892
0.936374 0.107539 0.150000 2.384190 2.559572 0.165189
0.117782 0.570328 0.225000 2.451590 2.622624 0.191938
0.494758 0.475530 0.175000 0.498301 0.654962 0.198593
0.452510 0.138099 0.075000 2.177112 2.366846 0.191543
0.302436 0.831127 0.175000 0.585684 0.745524 0.171674
0.774392 0.530691 0.050000 2.348063 2.506122 0.152546
0.630708 0.875759 0.200000 3.578634 3.744485 0.189852

MOVRPTW INSTANCE 14
VEHICLE NUMBER 25    CAPACITY 1.0
DEPOT 1
CUSTOMER 50
XCOORD.   YCOORD.    DEMAND   READY TIME  DUE DATE   SERVICE   TIME
0.188740 0.111147 0.000000 0.000000 4.582443 0.000000
0.929957 0.895934 0.100000 2.972657 3.144010 0.196273
0.247187 0.375012 0.100000 1.973736 2.170728 0.155325
0.577577 0.383781 0.175000 1.178990 1.345850 0.150023
0.715369 0.873692 0.025000 2.841997 3.030744 0.183700
0.696142 0.481519 0.150000 2.272211 2.468280 0.163264
0.554160 0.866902 0.075000 2.364204 2.529304 0.166650
0.174933 0.516014 0.125000 1.760193 1.931235 0.185329
0.830654 0.534567 0.225000 0.784426 0.967105 0.164505
0.592883 0.420008 0.075000 1.948715 2.136268 0.176007
0.069066 0.629554 0.025000 2.095386 2.281040 0.190124
0.242242 0.077500 0.050000 3.980447 4.165857 0.192356
0.043653 0.808662 0.150000 3.077057 3.258306 0.166551
0.086054 0.857367 0.200000 0.811119 0.998296 0.186109
0.122740 0.284353 0.025000 1.170049 1.335999 0.171511
0.684265 0.459974 0.200000 2.534329 2.711102 0.196804
0.889394 0.880176 0.175000 2.335733 2.511385 0.181552
0.260864 0.026733 0.175000 0.915400 1.067916 0.198571
0.880744 0.093826 0.150000 2.666353 2.820581 0.195991
0.802505 0.788754 0.075000 1.772185 1.959419 0.189469
0.596477 0.991166 0.050000 2.534563 2.686482 0.165150
0.798383 0.736009 0.200000 2.723052 2.887943 0.155620
0.806832 0.762350 0.075000 1.814039 2.001235 0.170880
0.216199 0.132229 0.150000 0.860332 1.046285 0.191047
0.488869 0.294928 0.050000 1.267773 1.457707 0.171176
0.648847 0.594829 0.200000 2.794445 2.981101 0.192223
0.529653 0.201503 0.100000 3.478082 3.630609 0.164867
0.255291 0.256135 0.075000 1.540701 1.723493 0.150439
0.652457 0.373536 0.125000 1.565348 1.735596 0.165552
0.748014 0.132857 0.150000 1.085107 1.241157 0.156760
0.080879 0.302370 0.050000 1.532025 1.690593 0.177963
0.150389 0.275147 0.175000 0.546247 0.743117 0.175861
0.578302 0.040272 0.125000 2.318641 2.471283 0.162415
0.151200 0.221961 0.075000 2.396868 2.551381 0.184101
0.666471 0.179281 0.125000 1.920990 2.081680 0.152436
0.761835 0.683842 0.150000 3.339241 3.515906 0.154836
0.253416 0.354748 0.100000 1.053673 1.208382 0.175724
0.417165 0.935514 0.200000 1.415029 1.579465 0.155514
0.239573 0.005858 0.050000 0.439231 0.601965 0.180331
0.713185 0.052620 0.075000 2.673874 2.864075 0.159280
0.095822 0.745031 0.200000 2.902295 3.075198 0.196846
0.895346 0.093946 0.100000 3.355688 3.552126 0.198152
0.519335 0.280265 0.175000 2.230173 2.417530 0.178332
0.709497 0.569067 0.100000 2.611321 2.810035 0.186333
0.281483 0.776608 0.200000 1.480423 1.672445 0.168580
0.648560 0.852053 0.175000 1.864945 2.015405 0.194492
0.503968 0.595839 0.100000 1.187187 1.339018 0.195476
0.674158 0.735308 0.025000 1.998284 2.177409 0.161993
0.641115 0.678856 0.050000 3.249817 3.400925 0.166428
0.683449 0.386705 0.125000 1.289274 1.487068 0.173873
0.491900 0.483210 0.075000 2.643198 2.801348 0.156645

MOVRPTW INSTANCE 15
VEHICLE NUMBER 25    CAPACITY 1.0
DEPOT 1
CUSTOMER 50
XCOORD.   YCOORD.    DEMAND   READY TIME  DUE DATE   SERVICE   TIME
0.894745 0.439698 0.000000 0.000000 4.199439 0.000000
0.745305 0.874887 0.100000 1.801142 1.968163 0.150441
0.260819 0.949109 0.150000 2.678757 2.853940 0.156664
0.707034 0.536854 0.050000 1.927162 2.126590 0.159602
0.771975 0.863542 0.050000 1.852022 2.030560 0.162991
0.112814 0.174224 0.100000 2.330865 2.508408 0.166041
0.685343 0.237220 0.050000 2.230866 2.413507 0.153287
0.599269 0.735197 0.075000 1.614954 1.799610 0.156503
0.785362 0.882563 0.225000 3.007573 3.177457 0.177609
0.355757 0.241185 0.075000 3.656605 3.815153 0.199943
0.208444 0.285584 0.050000 0.828948 0.979712 0.158498
0.044930 0.754732 0.125000 2.853072 3.018878 0.197444
0.967598 0.751081 0.200000 0.840429 1.003011 0.156722
0.632470 0.811026 0.100000 1.628542 1.811512 0.158192
0.632600 0.460978 0.125000 2.293642 2.484410 0.196066
0.136978 0.504924 0.050000 2.679015 2.832378 0.183861
0.757649 0.285386 0.025000 1.463982 1.651610 0.181713
0.234828 0.361729 0.175000 2.458244 2.650161 0.168391
0.730024 0.729887 0.075000 2.633855 2.816804 0.154346
0.409233 0.316877 0.125000 2.858637 3.044843 0.176166
0.316984 0.881543 0.025000 3.232607 3.389871 0.186266
0.410154 0.401501 0.075000 1.604663 1.794532 0.178247
0.637372 0.774555 0.175000 3.560698 3.717869 0.166616
0.264253 0.661285 0.150000 1.540069 1.731939 0.158914
0.667154 0.458234 0.075000 3.601716 3.757622 0.179344
0.723604 0.102365 0.050000 0.813188 1.008349 0.191906
0.062441 0.178481 0.125000 2.870284 3.043118 0.179453
0.876489 0.637434 0.125000 1.632280 1.811892 0.165572
0.445740 0.865682 0.125000 1.556691 1.725227 0.184134
0.518763 0.984484 0.125000 0.769366 0.953165 0.151012
0.591365 0.856009 0.175000 0.571214 0.751051 0.184013
0.205296 0.603721 0.075000 2.268404 2.463321 0.152265
0.935262 0.024234 0.200000 2.977304 3.174649 0.180051
0.800034 0.443057 0.100000 0.973181 1.159927 0.176378
0.529862 0.216837 0.175000 1.231237 1.427660 0.170520
0.076934 0.892477 0.075000 2.855979 3.051463 0.178136
0.241518 0.108196 0.100000 3.371639 3.564752 0.181709
0.933902 0.739717 0.225000 3.619605 3.817672 0.161153
0.639435 0.597686 0.150000 1.079185 1.270624 0.172199
0.320373 0.475020 0.175000 3.486653 3.663227 0.198305
0.925925 0.851790 0.175000 3.312444 3.471761 0.180056
0.969053 0.309770 0.225000 0.884199 1.075310 0.170985
0.025659 0.066133 0.175000 2.146173 2.300708 0.189976
0.651249 0.000776 0.050000 1.955228 2.132154 0.183360
0.748241 0.698162 0.175000 2.390573 2.570651 0.184386
0.449008 0.583811 0.050000 0.909146 1.069260 0.166128
0.728292 0.493304 0.100000 2.903042 3.067618 0.197219
0.232151 0.951073 0.050000 2.900027 3.069793 0.167134
0.976835 0.937987 0.125000 1.002677 1.175394 0.192456
0.198143 0.375274 0.125000 0.730078 0.924488 0.185147
0.286166 0.373010 0.125000 1.401628 1.581919 0.199690

MOVRPTW INSTANCE 16
VEHICLE NUMBER 25    CAPACITY 1.0
DEPOT 1
CUSTOMER 50
XCOORD.   YCOORD.    DEMAND   READY TIME  DUE DATE   SERVICE   TIME
0.245039 0.348472 0.000000 0.000000 4.660465 0.000000
0.012152 0.574632 0.050000 3.100914 3.262219 0.191138
0.490878 0.518675 0.150000 2.292325 2.455474 0.167841
0.077867 0.272629 0.125000 0.860537 1.036475 0.160779
0.573514 0.902752 0.025000 0.686997 0.880673 0.198604
0.502266 0.447183 0.225000 2.516651 2.671022 0.191045
0.484118 0.929538 0.100000 2.092515 2.249514 0.171705
0.744919 0.831823 0.025000 1.396805 1.556696 0.152237
0.916248 0.441394 0.150000 2.754007 2.927250 0.184787
0.582341 0.064846 0.150000 2.206636 2.392962 0.160160
0.766623 0.444052 0.225000 3.604422 3.781668 0.159674
0.347043 0.739004 0.150000 2.173752 2.350485 0.168299
0.351062 0.504962 0.100000 0.606634 0.801942 0.151916
0.789268 0.890721 0.025000 1.172531 1.361292 0.178547
0.119757 0.459849 0.200000 3.297485 3.488614 0.189829
0.631678 0.942985 0.150000 1.509792 1.701465 0.189649
0.175595 0.902040 0.100000 2.854022 3.029715 0.184191
0.450371 0.632392 0.125000 2.225072 2.379346 0.154941
0.461215 0.285488 0.225000 1.983399 2.176096 0.192625
0.062989 0.017984 0.175000 3.130106 3.311393 0.197705
0.632593 0.891289 0.225000 2.952626 3.143622 0.156277
0.305473 0.625090 0.150000 3.531683 3.692182 0.194046
0.576611 0.508161 0.100000 2.798769 2.982251 0.158391
0.937714 0.833493 0.025000 0.905552 1.105168 0.172941
0.316537 0.298417 0.075000 1.193417 1.364465 0.156705
0.375573 0.904811 0.100000 2.634701 2.820675 0.176695
0.936902 0.037699 0.200000 3.290625 3.443748 0.175520
0.354614 0.432181 0.150000 3.678914 3.840401 0.185264
0.377640 0.640906 0.225000 1.123232 1.320200 0.177669
0.651922 0.731917 0.175000 2.306584 2.459529 0.183339
0.162963 0.489323 0.175000 4.044290 4.236786 0.187581
0.880027 0.151369 0.225000 0.924413 1.094448 0.158088
0.585042 0.450316 0.200000 0.655218 0.839358 0.188298
0.694329 0.169113 0.075000 2.812231 2.991610 0.198515
0.671557 0.002772 0.175000 1.314398 1.496744 0.153604
0.477856 0.644547 0.125000 3.192756 3.362078 0.168117
0.594649 0.429896 0.150000 2.535947 2.729504 0.175656
0.695384 0.756054 0.050000 3.326905 3.503664 0.180419
0.466943 0.684357 0.200000 3.858482 4.030110 0.166414
0.941959 0.638565 0.100000 3.194083 3.362899 0.198353
0.548391 0.049577 0.225000 0.548382 0.726727 0.176216
0.561744 0.323641 0.050000 2.519397 2.684871 0.197017
0.053929 0.652175 0.100000 1.660608 1.832376 0.187969
0.498593 0.041763 0.100000 2.727291 2.899813 0.165987
0.946446 0.679396 0.200000 1.377514 1.545540 0.160708
0.927484 0.301478 0.025000 2.997944 3.177863 0.154813
0.660952 0.444826 0.225000 0.526697 0.718656 0.161239
0.093811 0.108610 0.050000 0.427617 0.590648 0.181604
0.478489 0.578220 0.100000 3.628873 3.823357 0.155407
0.379897 0.386187 0.175000 1.973577 2.140875 0.154766
0.088876 0.432198 0.025000 3.397840 3.590901 0.185686

MOVRPTW INSTANCE 17
VEHICLE NUMBER 25    CAPACITY 1.0
DEPOT 1
CUSTOMER 50
XCOORD.   YCOORD.    DEMAND   READY TIME  DUE DATE   SERVICE   TIME
0.145853 0.257838 0.000000 0.000000 4.467040 0.000000
0.734697 0.068601 0.125000 1.269470 1.452145 0.172375
0.192241 0.043006 0.175000 3.332243 3.513820 0.197932
0.056691 0.574741 0.075000 3.540351 3.735272 0.165994
0.929585 0.445355 0.200000 3.325690 3.499982 0.150243
0.328084 0.511991 0.100000 0.544641 0.730525 0.173139
0.825928 0.853595 0.100000 0.927001 1.111108 0.184236
0.512552 0.385725 0.075000 1.405546 1.604725 0.196822
0.403807 0.881585 0.025000 2.280319 2.476146 0.187395
0.992696 0.257783 0.200000 1.056128 1.238219 0.163947
0.147820 0.278623 0.075000 3.752339 3.940570 0.188527
0.846201 0.179855 0.200000 3.091404 3.258166 0.186451
0.813325 0.587041 0.025000 1.264108 1.430109 0.155945
0.871344 0.208072 0.050000 1.822467 1.984543 0.195193
0.187473 0.424171 0.200000 3.447884 3.599417 0.163426
0.313582 0.270148 0.100000 2.569361 2.751880 0.193119
0.106991 0.099480 0.150000 3.894140 4.060946 0.183129
0.634378 0.766614 0.025000 1.738615 1.924165 0.191968
0.381046 0.258111 0.125000 3.718140 3.909678 0.183220
0.909366 0.769919 0.025000 1.204510 1.374532 0.171512
0.299875 0.052253 0.175000 2.492500 2.667900 0.166910
0.103924 0.628131 0.075000 3.266776 3.428507 0.176112
0.187855 0.256560 0.100000 0.782651 0.981166 0.153558
0.279002 0.148643 0.225000 0.178064 0.359483 0.155224
0.862417 0.507536 0.125000 1.479596 1.647802 0.150149
0.463787 0.762804 0.150000 3.174944 3.339306 0.191800
0.384825 0.965615 0.225000 1.094648 1.279013 0.186574
0.707612 0.984587 0.050000 1.366808 1.556452 0.171956
0.069122 0.756492 0.025000 2.371156 2.537955 0.199129
0.728403 0.634319 0.225000 2.325175 2.522064 0.179169
0.162571 0.099572 0.125000 3.409160 3.602499 0.190274
0.265302 0.281577 0.200000 0.571693 0.745909 0.166573
0.667375 0.727921 0.025000 1.613128 1.765430 0.193341
0.923532 0.274741 0.125000 2.808500 2.961583 0.197540
0.675197 0.432209 0.125000 3.608900 3.793246 0.196053
0.633884 0.946843 0.225000 3.140335 3.335204 0.152940
0.317208 0.117641 0.050000 3.046789 3.231306 0.151860
0.261071 0.761100 0.200000 2.429043 2.605054 0.162159
0.941918 0.807774 0.225000 2.023716 2.180112 0.195617
0.122767 0.363219 0.125000 2.402889 2.555381 0.164737
0.891069 0.617905 0.125000 0.901116 1.096841 0.167258
0.875510 0.145940 0.200000 1.539351 1.712808 0.188763
0.286548 0.768248 0.175000 1.488584 1.667750 0.167647
0.562769 0.795882 0.075000 1.455593 1.626684 0.156152
0.932057 0.613958 0.175000 3.081048 3.261788 0.150231
0.142241 0.298040 0.050000 3.634276 3.810175 0.177378
0.894837 0.320824 0.175000 1.487433 1.653820 0.152035
0.079972 0.959021 0.200000 1.046849 1.210046 0.180252
0.388438 0.949317 0.100000 2.921033 3.086795 0.197293
0.854592 0.319817 0.125000 3.456153 3.627676 0.154750
0.538271 0.699593 0.075000 1.401046 1.587464 0.163515

MOVRPTW INSTANCE 18
VEHICLE NUMBER 25    CAPACITY 1.0
DEPOT 1
CUSTOMER 50
XCOORD.   YCOORD.    DEMAND   READY TIME  DUE DATE   SERVICE   TIME
0.601317 0.331275 0.000000 0.000000 4.355355 0.000000
0.553116 0.148148 0.200000 2.916743 3.083285 0.167603
0.184974 0.287507 0.025000 3.008423 3.197668 0.163653
0.747833 0.874931 0.200000 2.173315 2.357505 0.188332
0.038207 0.021710 0.150000 1.479142 1.629690 0.190314
0.261144 0.651993 0.200000 2.260874 2.421462 0.194531
0.151533 0.438504 0.150000 3.474260 3.638430 0.197525
0.470155 0.091523 0.025000 2.250636 2.418720 0.151636
0.167964 0.462318 0.200000 3.743277 3.897582 0.198584
0.961214 0.262114 0.200000 1.060869 1.255221 0.182452
0.968454 0.972401 0.200000 1.623752 1.780676 0.176146
0.785632 0.341080 0.125000 0.672178 0.856449 0.162506
0.739784 0.754796 0.225000 3.573016 3.725697 0.191876
0.907155 0.669389 0.225000 3.601200 3.752648 0.150254
0.027679 0.379057 0.200000 1.436170 1.615143 0.197532
0.250093 0.909180 0.175000 2.729042 2.887205 0.152089
0.046925 0.623913 0.025000 2.366305 2.554677 0.172592
0.972050 0.871174 0.225000 0.707869 0.871231 0.181447
0.222086 0.089819 0.200000 2.745578 2.938320 0.160143
0.735191 0.110681 0.200000 2.697785 2.875213 0.183945
0.333806 0.107821 0.050000 0.517343 0.693392 0.155844
0.012678 0.914107 0.100000 1.294497 1.464776 0.179964
0.008270 0.720733 0.075000 1.348529 1.540543 0.178514
0.962680 0.769387 0.175000 0.572265 0.756786 0.169918
0.689003 0.335983 0.075000 3.422475 3.586436 0.154950
0.051082 0.997118 0.150000 1.108080 1.262928 0.187908
0.112988 0.159673 0.150000 2.238201 2.425251 0.193941
0.296739 0.835692 0.075000 2.326232 2.510598 0.166448
0.556519 0.111181 0.175000 0.737706 0.922687 0.188531
0.978965 0.108870 0.200000 0.487395 0.646456 0.152844
0.081595 0.633972 0.200000 1.182787 1.382564 0.184109
0.547604 0.765392 0.100000 1.195130 1.359609 0.169945
0.014097 0.108973 0.150000 2.067172 2.236186 0.199518
0.954921 0.528177 0.225000 3.544301 3.741896 0.185599
0.592209 0.465584 0.025000 0.879422 1.037561 0.155348
0.130366 0.033786 0.225000 2.155915 2.336402 0.198830
0.886667 0.982915 0.050000 3.181419 3.356255 0.169151
0.762964 0.674560 0.075000 2.012163 2.162232 0.175916
0.131414 0.411991 0.050000 1.573257 1.742536 0.177701
0.998152 0.639292 0.075000 2.629836 2.793332 0.156721
0.905791 0.044680 0.050000 3.771445 3.959414 0.196583
0.906986 0.177435 0.125000 0.506836 0.700791 0.163033
0.695432 0.688077 0.150000 0.634723 0.807546 0.180246
0.590310 0.201014 0.075000 2.433899 2.621559 0.199688
0.564115 0.728354 0.075000 0.420879 0.600377 0.193656
0.574690 0.535251 0.150000 2.785041 2.978374 0.197149
0.505822 0.309943 0.125000 1.215594 1.410529 0.187576
0.400129 0.230485 0.125000 2.685319 2.883575 0.192503
0.955173 0.836993 0.125000 2.195245 2.346627 0.191860
0.277111 0.111420 0.075000 3.378259 3.544003 0.172637
0.867206 0.480831 0.075000 2.347601 2.526526 0.156951

MOVRPTW INSTANCE 19
VEHICLE NUMBER 25    CAPACITY 1.0
DEPOT 1
CUSTOMER 50
XCOORD.   YCOORD.    DEMAND   READY TIME  DUE DATE   SERVICE   TIME
0.201620 0.431442 0.000000 0.000000 4.549532 0.000000
0.827607 0.783036 0.150000 0.807232 0.964202 0.151587
0.590722 0.392845 0.075000 2.313352 2.492144 0.197868
0.362387 0.159304 0.225000 2.666965 2.856440 0.187317
0.381568 0.341590 0.175000 0.914999 1.072170 0.183452
0.243238 0.568782 0.225000 2.281035 2.462300 0.154964
0.901035 0.062740 0.050000 1.502961 1.701021 0.180822
0.268138 0.582580 0.025000 0.251490 0.405989 0.167564
0.831991 0.210428 0.150000 3.535000 3.703959 0.176325
0.068113 0.679981 0.025000 0.597542 0.790383 0.182826
0.869282 0.336875 0.050000 3.177761 3.369819 0.191164
0.538943 0.598801 0.150000 0.886773 1.073863 0.150490
0.998609 0.836236 0.175000 2.408429 2.601301 0.168551
0.713419 0.037102 0.125000 3.056649 3.221772 0.189680
0.080169 0.869107 0.225000 1.427414 1.577768 0.176051
0.461792 0.451560 0.125000 1.425696 1.598901 0.151678
0.204457 0.305612 0.050000 0.979175 1.153623 0.192111
0.985318 0.326054 0.050000 2.778838 2.957387 0.187542
0.978361 0.634002 0.075000 1.393102 1.568415 0.194777
0.316921 0.266234 0.150000 3.975937 4.135938 0.160130
0.515172 0.863677 0.100000 1.102349 1.300288 0.194006
0.376868 0.773439 0.050000 1.466228 1.655841 0.198090
0.084867 0.471350 0.225000 3.659129 3.836943 0.199252
0.059713 0.176309 0.150000 3.745296 3.929561 0.154798
0.661366 0.839561 0.150000 3.493463 3.663906 0.192941
0.244228 0.431840 0.125000 3.701261 3.885169 0.158183
0.958643 0.170561 0.225000 3.244767 3.400584 0.183173
0.335593 0.935734 0.200000 1.851360 2.039620 0.179409
0.751812 0.921735 0.050000 1.998257 2.155594 0.188580
0.958574 0.315592 0.225000 1.723225 1.899418 0.157980
0.712852 0.232498 0.100000 1.734248 1.899792 0.151927
0.193699 0.283309 0.225000 2.722272 2.921716 0.175496
0.174240 0.200427 0.150000 3.407012 3.587652 0.172442
0.868163 0.779625 0.050000 2.260992 2.411915 0.196593
0.442217 0.472669 0.100000 2.787395 2.980697 0.196050
0.394528 0.438557 0.150000 3.793598 3.944870 0.158484
0.904167 0.625107 0.075000 3.481583 3.681175 0.185289
0.905076 0.573571 0.125000 1.850829 2.042120 0.199932
0.560331 0.929962 0.200000 3.165169 3.359688 0.183831
0.372311 0.618713 0.150000 2.275533 2.468915 0.161618
0.792739 0.048378 0.225000 2.086790 2.254959 0.191759
0.020877 0.418399 0.100000 2.902208 3.100989 0.157861
0.827855 0.939439 0.100000 1.747115 1.898268 0.161247
0.382913 0.268690 0.050000 1.254622 1.451851 0.158873
0.956509 0.233210 0.225000 3.306134 3.499310 0.192775
0.821270 0.930774 0.175000 1.510006 1.677750 0.180626
0.874032 0.075984 0.075000 3.462758 3.622489 0.186185
0.013311 0.038326 0.025000 1.006516 1.172822 0.176735
0.371337 0.113182 0.100000 3.345287 3.499486 0.151736
0.769102 0.333770 0.050000 2.754106 2.915370 0.168499
0.555872 0.817123 0.100000 2.812506 2.970614 0.199844

MOVRPTW INSTANCE 20
VEHICLE NUMBER 25    CAPACITY 1.0
DEPOT 1
CUSTOMER 50
XCOORD.   YCOORD.    DEMAND   READY TIME  DUE DATE   SERVICE   TIME
0.602120 0.603224 0.000000 0.000000 4.825808 0.000000
0.752579 0.395082 0.150000 3.240856 3.414781 0.181424
0.434263 0.424552 0.200000 1.853933 2.051903 0.174442
0.803458 0.933516 0.025000 3.177798 3.336865 0.172401
0.677118 0.244642 0.175000 3.326259 3.506044 0.163579
0.145468 0.959481 0.150000 1.714506 1.904199 0.158419
0.420840 0.004822 0.125000 2.573373 2.750924 0.197354
0.140278 0.345234 0.150000 1.661906 1.827364 0.172032
0.921663 0.711165 0.025000 2.333102 2.497336 0.196112
0.559741 0.755483 0.175000 0.866065 1.048402 0.168997
0.877230 0.132923 0.175000 2.816294 2.990262 0.161868
0.503801 0.710464 0.125000 1.647225 1.822776 0.161893
0.781885 0.146451 0.050000 0.770464 0.937288 0.196153
0.664699 0.534184 0.050000 0.699723 0.871087 0.158991
0.315431 0.918077 0.100000 3.422361 3.596939 0.157927
0.314166 0.910203 0.150000 3.662155 3.855480 0.182838
0.726701 0.842829 0.100000 3.627388 3.787550 0.173150
0.734732 0.420391 0.050000 3.259915 3.459875 0.177459
0.003763 0.838697 0.225000 3.512264 3.694558 0.182714
0.163592 0.737406 0.050000 2.294578 2.457895 0.179227
0.636094 0.905818 0.150000 3.620062 3.788933 0.170071
0.192800 0.678814 0.025000 3.366192 3.541422 0.178335
0.191311 0.167714 0.225000 2.753286 2.915665 0.167518
0.577413 0.712380 0.125000 3.487399 3.653386 0.152213
0.555837 0.744189 0.200000 1.558492 1.721096 0.190442
0.614752 0.742459 0.100000 0.864849 1.045660 0.154283
0.657294 0.544076 0.050000 4.155822 4.344265 0.155879
0.315444 0.628933 0.225000 3.305281 3.489688 0.197034
0.345957 0.853474 0.125000 3.798413 3.985706 0.153995
0.566446 0.601416 0.125000 4.195456 4.387098 0.171091
0.757912 0.246311 0.225000 1.824621 1.976832 0.172008
0.214029 0.770952 0.025000 0.940711 1.094362 0.191096
0.191814 0.709124 0.225000 3.505244 3.679889 0.165248
0.173092 0.258501 0.075000 3.602592 3.783749 0.179586
0.757934 0.415525 0.225000 3.074351 3.230096 0.172880
0.031100 0.355021 0.050000 1.927798 2.116581 0.183523
0.029377 0.449347 0.100000 2.882600 3.058586 0.161054
0.830309 0.438879 0.150000 2.661050 2.812346 0.190454
0.118168 0.485598 0.100000 3.299928 3.473443 0.162808
0.341376 0.359453 0.075000 3.644792 3.824158 0.160545
0.047159 0.625947 0.125000 0.557412 0.726842 0.195982
0.393234 0.661236 0.075000 0.613219 0.790173 0.190869
0.937598 0.423428 0.150000 1.547046 1.725400 0.151998
0.004966 0.076225 0.150000 1.912668 2.073466 0.195905
0.126580 0.368465 0.225000 2.903593 3.089755 0.183562
0.572158 0.983537 0.075000 0.987637 1.181902 0.150881
0.428898 0.519460 0.050000 2.387554 2.537809 0.167136
0.086501 0.854258 0.125000 3.012688 3.174956 0.165532
0.894630 0.274379 0.075000 3.650853 3.834322 0.153480
0.042950 0.888713 0.225000 0.888419 1.083504 0.177881
0.598022 0.598497 0.100000 2.063729 2.228848 0.198054

