5.001630000000000000e+05 4.068130422809728043e+04
4.966566210077644209e+05 3.892708463941702212e+04
4.797020884424440446e+05 4.368481803642805608e+04
4.803158745547747239e+05 4.455932170159578527e+04
4.954725874541812809e+05 4.065537453016249492e+04
4.942419832886370132e+05 3.920634382443443610e+04
4.714488623780896305e+05 4.315330500051771378e+04
4.486110708718678216e+05 4.094969834330485901e+04
4.912756940323387971e+05 3.906713475990415463e+04
4.574930810494535253e+05 4.056514696254740556e+04
4.679742985521850642e+05 3.862300000000000000e+04
4.088349575775793637e+05 5.007493233775896078e+04
3.961962109425888630e+05 5.107888996265141031e+04
3.990972124052090221e+05 4.784913210192981205e+04
3.611365848857120145e+05 6.060086778850264091e+04
3.580547584688368370e+05 5.707367363545144326e+04
3.344879266708563082e+05 6.740003280125223682e+04
3.255452776756129460e+05 6.304515948610000487e+04
3.095568427532141795e+05 6.601318302163964836e+04
3.245153071447586408e+05 6.851422024971299106e+04
3.233068563605987001e+05 6.884684357697174710e+04
2.765460810673537781e+05 7.344975402029449469e+04
2.695854724660681677e+05 8.262890141802298604e+04
2.664557615961825941e+05 7.519857826361895422e+04
2.713449481862831162e+05 8.155618317755676981e+04
2.633226953783867066e+05 8.281656560431180696e+04
2.615129500783335534e+05 8.829197719861933729e+04
2.554304319826090650e+05 8.814201749366108561e+04
2.585125413806333381e+05 8.764174367900492507e+04
2.399604387382439163e+05 9.715227856666781008e+04
2.332343406577795977e+05 9.694004639208861045e+04
2.283025856176834204e+05 1.025331486056632421e+05
2.379024583316395583e+05 9.064649904612914543e+04
2.064220586999443476e+05 1.133192506990570982e+05
1.988783068021843792e+05 1.175862994636138028e+05
2.160126941006773268e+05 1.037356412081234448e+05
1.855663682264979288e+05 1.233130895240428363e+05
2.214340469545413216e+05 9.976288192789455934e+04
1.793029847506398801e+05 1.282097630765367212e+05
1.664476968977939105e+05 1.324544180110588204e+05
1.767213073018049181e+05 1.222480494951010041e+05
1.615927308137915388e+05 1.348621495211444562e+05
1.740665196518140438e+05 1.311513305389849120e+05
1.702310740090896434e+05 1.275611773400214443e+05
1.498725207757398020e+05 1.426320876380403060e+05
1.704621281173044699e+05 1.331055669657282997e+05
1.438937556970274891e+05 1.544746818855493038e+05
1.355903206916525669e+05 1.595770422519786516e+05
1.372721382993873267e+05 1.640130574418244069e+05
1.270976521493073524e+05 1.735278834313079133e+05
1.375972230008499464e+05 1.558122927021374344e+05
1.378618305881686974e+05 1.518510221318496624e+05
1.311259292321830872e+05 1.711015457037280721e+05
1.257447192756084405e+05 1.804898814544776687e+05
1.188790104239570210e+05 1.852232757219620689e+05
1.158102920981654752e+05 1.944415694112328929e+05
1.229453686843217438e+05 1.800947796847105492e+05
1.249005258691179479e+05 1.770956084714222234e+05
1.077949723284212232e+05 2.027560769565119699e+05
1.122977279465287866e+05 2.084003291037884774e+05
1.080116449303815898e+05 2.009806135530850443e+05
1.065244577143886418e+05 2.203586114563816227e+05
1.031587809920580185e+05 2.294815396987907880e+05
1.038730254123081686e+05 2.239076158496197895e+05
9.502813629759853939e+04 2.356123684637120168e+05
1.051737684769430780e+05 2.325004385375157872e+05
9.869972574854237610e+04 2.402604212981877499e+05
9.366417726555553963e+04 2.446208444383613532e+05
8.580447691486001713e+04 2.694839918763636961e+05
8.448999915802566102e+04 2.674499180698802811e+05
8.467188529158977326e+04 2.696971509289361420e+05
7.732729148395672382e+04 2.846360211631997372e+05
8.022729240608550026e+04 2.865011514302705182e+05
7.504932355336006731e+04 3.003365333632794209e+05
7.093366593423967424e+04 3.086743158448336180e+05
7.339890674670235603e+04 3.154803008487434126e+05
7.447389149319785065e+04 2.929335931599600590e+05
6.389412580530301784e+04 3.325900337725938880e+05
6.112031426271979581e+04 3.494317959699498024e+05
5.834749315415832825e+04 3.615359986703206669e+05
6.119234307162747427e+04 3.556434805361098261e+05
5.214626446639937058e+04 3.778700148143833503e+05
5.347980302491744806e+04 3.835251148670624825e+05
4.998026611260755453e+04 4.056723724695671699e+05
4.780355490102955082e+04 4.041390645240818849e+05
5.337855641236840165e+04 3.969462624376533204e+05
5.132599307347481226e+04 4.131557794142268831e+05
4.968330771606846247e+04 4.159358183612084249e+05
4.944134872714485391e+04 4.312847806142658228e+05
4.428515931642812211e+04 4.383148641196562094e+05
4.340765498610436043e+04 4.595897578864343232e+05
4.255314287414245337e+04 4.503607536070192582e+05
4.671458280059436220e+04 4.557558243323063944e+05
4.278114482853519439e+04 4.523894492325541796e+05
4.557620017023780383e+04 4.586687386775309569e+05
4.479239291966470773e+04 4.819350698631028645e+05
4.170900000000000000e+04 4.825775679565019091e+05
4.571984342279915290e+04 4.798677428782440838e+05
4.606400913888471405e+04 4.639037455834395951e+05
4.436041208914126037e+04 4.849880000000000000e+05
