3.275204720091004128e+04 1.036936919968040893e+05
1.093912746135384077e+05 2.909762207014117666e+04
4.903006857737019163e+04 6.235132852797807573e+04
1.478755261112038570e+05 2.430706859287506086e+04
1.235819741660227446e+05 2.665906530576267323e+04
7.742024122840470227e+04 3.957330891712549783e+04
1.284108575221885258e+05 2.610507814108073217e+04
3.631772934509142215e+04 9.161066949353028031e+04
3.369211142885537993e+04 9.995357979663881997e+04
1.250139239294523722e+05 2.642552070730179548e+04
8.124618580699272570e+04 3.757907477773987921e+04
3.061074621962489618e+04 1.139466205348359945e+05
3.150374542415078031e+04 1.103078309207330312e+05
3.876931412132511468e+04 8.407609981155322748e+04
4.946687243838153518e+04 6.170402452883846126e+04
3.804185456649730622e+04 8.669645817886294390e+04
3.104683089997423303e+04 1.123860209131235606e+05
6.986366715481385472e+04 4.454275228342933406e+04
3.124696314080156299e+04 1.109202383905356692e+05
5.190151084537478164e+04 5.922349919525780570e+04
3.571186417716096912e+04 9.359053592834643496e+04
4.247569157056688709e+04 7.571081160825943516e+04
4.507875492552974902e+04 6.970116762263744022e+04
5.923646626226454100e+04 5.141262676302844193e+04
5.902237879488265025e+04 5.239371907487368298e+04
4.549554511305718188e+04 6.836193163924077817e+04
3.178109040785020989e+04 1.094927282893467491e+05
4.211901946618938382e+04 7.623568064386883634e+04
4.059690300936292624e+04 7.974888407842883316e+04
3.184227179053445070e+04 1.072519864446081338e+05
1.491540010921509529e+05 2.419952995604647367e+04
1.091011100983445649e+05 2.917166906227159052e+04
3.332896338282084616e+04 1.007370795927994914e+05
6.818237293916438648e+04 4.492721696569584310e+04
5.116901356173770910e+04 5.977337403677732073e+04
1.021874811689682683e+05 3.048870269400782126e+04
7.133393530956008181e+04 4.268869427297215589e+04
7.790749395797612669e+04 3.920024118293038191e+04
5.026412342731964600e+04 6.158858214398934069e+04
4.422959679621510440e+04 7.146461504664403037e+04
2.864269735484311241e+04 1.285515674136027956e+05
8.972267890582034306e+04 3.414823749876988586e+04
3.565761413775876281e+04 9.427467281239804288e+04
3.675501251909592975e+04 9.066088434878362750e+04
6.921161685820959974e+04 4.455410361244855449e+04
2.753277118357486324e+04 1.372472117449624639e+05
6.014258626018136420e+04 5.094034462882293155e+04
1.111533900373668439e+05 2.847154192450143819e+04
3.584163685216483282e+04 9.295327459474958596e+04
5.255475621740720817e+04 5.794296308225357643e+04
6.787729062880833226e+04 4.537197607691977464e+04
8.772290265441710653e+04 3.515781804194473079e+04
1.121004044582629140e+05 2.846465762456967786e+04
6.063469403146522382e+04 5.049311740326657309e+04
2.646336300630482219e+04 1.512349542330435070e+05
4.409454606802187482e+04 7.171868200330102991e+04
9.634478812674745859e+04 3.226139528843397056e+04
3.252782365158684843e+04 1.052994836268997897e+05
1.013525696117661719e+05 3.050589643029618674e+04
6.601503984816762386e+04 4.619667586782185390e+04
7.111682810379567672e+04 4.273660910715315549e+04
8.576172715419004089e+04 3.564607818172167026e+04
2.629615805612431723e+04 1.582372788707918662e+05
1.225123707603709190e+05 2.678892355119749845e+04
4.272591592623679026e+04 7.427165621360095975e+04
3.772348740793780598e+04 8.754923418757702166e+04
1.259218574560517154e+05 2.630998010473520844e+04
8.240053074257203843e+04 3.711515822328453942e+04
1.079056125572616875e+05 2.929925284471210762e+04
4.344203884005219879e+04 7.418372561604253133e+04
3.500105215997572668e+04 9.517314700652369356e+04
5.335479426981597499e+04 5.679844209524584585e+04
9.060935587643690815e+04 3.402789870592234365e+04
2.641177641340205810e+04 1.540427646380328224e+05
5.407710237269937352e+04 5.665391228842048440e+04
4.767835719735606835e+04 6.531858318813906953e+04
7.657665216344686633e+04 4.029477656788624881e+04
9.112709757460911351e+04 3.383290356511058781e+04
3.057468141292989094e+04 1.156078059825951932e+05
3.421700000000000000e+04 9.854800000000000000e+04
4.119639821643703908e+04 7.885812571428410592e+04
2.977921794446217245e+04 1.202868888216242922e+05
1.389097418847750523e+05 2.490423463428785908e+04
5.442295980126148788e+04 5.639620265985938022e+04
7.267885891039055423e+04 4.197911702847242850e+04
1.141628337303195585e+05 2.825200465455387530e+04
2.813651170903936145e+04 1.300250156328391895e+05
5.049809804053202242e+04 6.042659189518190396e+04
1.045020732985490322e+05 3.003913326105978194e+04
8.854626573246125190e+04 3.490916037656435219e+04
3.895810336615722917e+04 8.255311525752405578e+04
7.723782297616868163e+04 3.970408644636427198e+04
9.983924425001838244e+04 3.089743453869729638e+04
1.361637734084039403e+05 2.497229755997093889e+04
7.041540521588151751e+04 4.396525363274598203e+04
5.938130658725111425e+04 5.130887890277641418e+04
1.070146741269005579e+05 2.935239341914343822e+04
1.547213149398582464e+05 2.409583600458939691e+04
7.196572249575705791e+04 4.268214274576639582e+04
